
Wyniki symulowanego wy¿arzania
Metoda ruchu: two_opt
Liczba epok: 800
Temperatura pocz¹tkowa: 10000
Sch³adzanie: 0.8
Liczba prób: 1000
Liczba iteracji: 10

Iteracja 1:
  Najlepsza trasa: [7, 1, 16, 14, 30, 41, 37, 36, 43, 34, 39, 38, 26, 25, 29, 32, 33, 122, 28, 42, 40, 35, 2, 51, 57, 44, 103, 45, 54, 121, 56, 124, 52, 5, 50, 13, 115, 10, 3, 100, 64, 58, 91, 61, 90, 116, 60, 62, 59, 67, 73, 71, 70, 68, 74, 18, 77, 76, 75, 69, 63, 119, 96, 109, 88, 87, 86, 85, 110, 104, 125, 89, 92, 99, 65, 113, 66, 55, 47, 53, 49, 118, 46, 112, 111, 107, 94, 48, 93, 127, 95, 123, 97, 98, 101, 102, 83, 82, 126, 81, 84, 117, 78, 79, 80, 27, 31, 12, 20, 17, 21, 22, 4, 19, 72, 8, 23, 9, 11, 24, 108, 6, 106, 15, 105, 114, 120, 7]
  Najlepszy dystans: 128351.46162525604

Iteracja 2:
  Najlepsza trasa: [86, 87, 88, 109, 96, 119, 63, 102, 101, 83, 82, 126, 81, 84, 117, 78, 76, 77, 74, 73, 68, 75, 69, 70, 71, 67, 8, 72, 19, 4, 23, 24, 9, 11, 3, 114, 105, 15, 106, 6, 108, 20, 22, 17, 21, 18, 79, 80, 27, 31, 12, 14, 16, 37, 36, 41, 30, 43, 34, 39, 38, 26, 25, 33, 29, 32, 122, 28, 97, 98, 123, 95, 42, 40, 35, 51, 2, 1, 7, 120, 10, 115, 13, 50, 5, 56, 121, 57, 54, 44, 103, 45, 48, 94, 93, 127, 107, 111, 112, 46, 118, 49, 53, 47, 124, 52, 55, 66, 113, 64, 58, 100, 91, 61, 62, 90, 116, 60, 59, 125, 89, 65, 99, 92, 104, 110, 85, 86]
  Najlepszy dystans: 130406.0926166687

Iteracja 3:
  Najlepsza trasa: [87, 86, 85, 110, 71, 70, 69, 75, 76, 68, 74, 73, 67, 72, 8, 9, 11, 3, 10, 115, 13, 120, 7, 105, 114, 106, 6, 108, 24, 23, 4, 22, 19, 21, 17, 20, 15, 1, 16, 14, 41, 36, 37, 35, 2, 51, 50, 5, 52, 100, 64, 58, 91, 61, 62, 90, 116, 60, 59, 104, 125, 89, 92, 99, 65, 113, 66, 55, 124, 56, 121, 57, 54, 44, 103, 45, 47, 49, 53, 48, 118, 46, 94, 112, 111, 107, 127, 98, 97, 123, 95, 93, 40, 43, 34, 42, 39, 38, 28, 122, 32, 29, 33, 25, 26, 30, 12, 31, 27, 80, 79, 18, 77, 78, 117, 84, 81, 126, 82, 83, 101, 102, 63, 119, 96, 109, 88, 87]
  Najlepszy dystans: 126205.159986685

Iteracja 4:
  Najlepsza trasa: [10, 3, 11, 9, 24, 6, 108, 4, 23, 19, 8, 72, 21, 17, 22, 20, 15, 106, 114, 105, 7, 120, 13, 115, 52, 124, 56, 5, 121, 57, 51, 50, 2, 1, 16, 37, 35, 36, 41, 14, 12, 30, 27, 31, 80, 79, 77, 18, 73, 74, 76, 78, 117, 84, 81, 126, 75, 69, 70, 68, 71, 110, 85, 86, 87, 88, 109, 96, 119, 63, 82, 83, 102, 101, 98, 97, 123, 28, 122, 32, 29, 33, 25, 26, 38, 39, 42, 34, 43, 40, 44, 103, 45, 54, 48, 118, 94, 93, 95, 127, 107, 111, 112, 46, 49, 53, 47, 55, 66, 64, 113, 65, 99, 92, 89, 125, 104, 59, 62, 60, 67, 116, 90, 61, 91, 58, 100, 10]
  Najlepszy dystans: 131040.24889658853

Iteracja 5:
  Najlepsza trasa: [75, 126, 81, 84, 117, 78, 76, 74, 77, 18, 21, 17, 79, 80, 31, 12, 14, 41, 30, 27, 26, 25, 33, 29, 32, 122, 28, 38, 39, 42, 34, 43, 40, 35, 36, 37, 16, 1, 7, 120, 10, 115, 13, 50, 2, 51, 57, 121, 56, 5, 52, 124, 66, 55, 47, 49, 53, 118, 48, 54, 44, 45, 103, 93, 94, 46, 112, 111, 107, 127, 95, 123, 97, 98, 101, 102, 83, 82, 63, 119, 96, 109, 88, 87, 86, 85, 110, 104, 125, 89, 92, 99, 65, 113, 64, 58, 100, 91, 61, 62, 59, 60, 116, 90, 3, 11, 9, 6, 106, 114, 105, 15, 108, 20, 22, 4, 24, 23, 19, 72, 8, 67, 73, 68, 71, 70, 69, 75]
  Najlepszy dystans: 125830.96161893195

Iteracja 6:
  Najlepsza trasa: [9, 24, 4, 22, 23, 8, 72, 19, 21, 17, 20, 108, 6, 106, 15, 105, 7, 1, 16, 12, 31, 27, 30, 14, 41, 37, 35, 36, 43, 34, 39, 38, 26, 25, 29, 32, 33, 122, 28, 42, 40, 44, 103, 45, 54, 48, 118, 53, 49, 46, 94, 112, 111, 107, 127, 93, 95, 123, 97, 98, 101, 102, 83, 82, 126, 81, 84, 117, 78, 80, 79, 77, 18, 74, 73, 67, 68, 76, 75, 63, 119, 96, 88, 87, 86, 85, 109, 69, 70, 71, 110, 104, 59, 62, 91, 61, 60, 116, 90, 3, 10, 100, 58, 64, 113, 125, 89, 92, 99, 65, 66, 55, 47, 124, 52, 5, 56, 121, 57, 51, 2, 50, 115, 13, 120, 114, 11, 9]
  Najlepszy dystans: 127724.72569569659

Iteracja 7:
  Najlepsza trasa: [65, 99, 92, 89, 104, 110, 85, 86, 87, 88, 109, 96, 119, 63, 102, 101, 83, 82, 126, 81, 84, 117, 75, 69, 70, 71, 68, 76, 78, 77, 74, 73, 67, 8, 72, 19, 22, 4, 23, 108, 20, 17, 21, 18, 79, 80, 31, 27, 30, 43, 34, 42, 39, 38, 26, 25, 33, 122, 28, 29, 32, 98, 97, 123, 95, 93, 127, 107, 111, 112, 94, 46, 118, 48, 53, 49, 47, 55, 124, 52, 56, 5, 50, 13, 115, 10, 120, 114, 105, 7, 1, 16, 2, 51, 121, 57, 54, 45, 103, 44, 40, 35, 37, 36, 41, 14, 12, 15, 106, 6, 24, 9, 11, 3, 90, 116, 60, 59, 62, 61, 91, 100, 58, 64, 125, 113, 66, 65]
  Najlepszy dystans: 124340.39521018167

Iteracja 8:
  Najlepsza trasa: [89, 92, 99, 65, 113, 64, 58, 91, 100, 10, 115, 50, 13, 120, 7, 1, 16, 2, 51, 121, 56, 5, 52, 124, 66, 55, 47, 53, 49, 118, 46, 112, 111, 107, 127, 123, 95, 93, 94, 48, 57, 54, 45, 103, 44, 35, 37, 36, 41, 14, 30, 27, 31, 12, 15, 106, 105, 114, 6, 108, 20, 22, 17, 21, 18, 77, 79, 80, 26, 38, 39, 34, 43, 40, 42, 25, 33, 29, 32, 122, 28, 97, 98, 101, 102, 83, 82, 126, 81, 84, 117, 78, 76, 75, 63, 119, 88, 87, 86, 85, 110, 109, 96, 69, 70, 71, 68, 74, 73, 67, 8, 72, 19, 4, 23, 24, 9, 11, 3, 90, 116, 60, 61, 62, 59, 104, 125, 89]
  Najlepszy dystans: 129081.51933463496

Iteracja 9:
  Najlepsza trasa: [99, 65, 66, 55, 124, 52, 113, 64, 58, 100, 91, 61, 62, 116, 60, 59, 71, 68, 70, 69, 75, 76, 84, 81, 126, 82, 83, 117, 78, 80, 79, 77, 18, 72, 74, 73, 67, 8, 23, 24, 4, 22, 19, 21, 17, 20, 108, 6, 106, 15, 12, 14, 41, 30, 31, 27, 26, 25, 29, 32, 33, 122, 28, 38, 39, 42, 34, 43, 40, 35, 36, 37, 16, 1, 105, 114, 11, 9, 90, 3, 10, 120, 7, 13, 115, 5, 50, 2, 51, 57, 44, 103, 45, 54, 121, 56, 47, 49, 53, 48, 118, 46, 94, 112, 111, 107, 127, 93, 95, 123, 97, 98, 101, 102, 63, 119, 96, 109, 88, 87, 86, 85, 110, 104, 125, 89, 92, 99]
  Najlepszy dystans: 127170.38315059981

Iteracja 10:
  Najlepsza trasa: [100, 66, 55, 124, 52, 5, 56, 47, 49, 53, 48, 118, 46, 94, 112, 111, 107, 127, 93, 103, 45, 44, 54, 57, 121, 51, 50, 115, 13, 120, 10, 3, 90, 91, 61, 62, 59, 60, 116, 11, 9, 8, 72, 67, 73, 68, 74, 18, 21, 17, 22, 19, 23, 24, 6, 108, 4, 20, 15, 106, 114, 105, 7, 1, 16, 12, 14, 41, 36, 37, 2, 35, 40, 43, 30, 26, 27, 31, 80, 79, 77, 76, 78, 117, 32, 29, 28, 122, 33, 25, 38, 39, 34, 42, 95, 123, 97, 98, 101, 102, 83, 82, 126, 81, 84, 63, 119, 96, 69, 75, 70, 71, 110, 109, 88, 87, 86, 85, 104, 125, 89, 92, 99, 65, 113, 64, 58, 100]
  Najlepszy dystans: 131351.93250325372

Najlepsze rozwi¹zanie z 10 iteracji:
  Najlepsza trasa: [65, 99, 92, 89, 104, 110, 85, 86, 87, 88, 109, 96, 119, 63, 102, 101, 83, 82, 126, 81, 84, 117, 75, 69, 70, 71, 68, 76, 78, 77, 74, 73, 67, 8, 72, 19, 22, 4, 23, 108, 20, 17, 21, 18, 79, 80, 31, 27, 30, 43, 34, 42, 39, 38, 26, 25, 33, 122, 28, 29, 32, 98, 97, 123, 95, 93, 127, 107, 111, 112, 94, 46, 118, 48, 53, 49, 47, 55, 124, 52, 56, 5, 50, 13, 115, 10, 120, 114, 105, 7, 1, 16, 2, 51, 121, 57, 54, 45, 103, 44, 40, 35, 37, 36, 41, 14, 12, 15, 106, 6, 24, 9, 11, 3, 90, 116, 60, 59, 62, 61, 91, 100, 58, 64, 125, 113, 66, 65]
  Najlepszy dystans: 124340.39521018167
Œrednia wartoœæ dystansu z 10 iteracji: 128150.29
Czas dzia³ania algorytmu: 3335.76 sekund
