
Wyniki symulowanego wy¿arzania
Metoda ruchu: two_opt
Liczba epok: 800
Temperatura pocz¹tkowa: 10000
Sch³adzanie: 0.99
Liczba prób: 1000
Liczba iteracji: 100

Iteracja 1:
  Najlepsza trasa: [21, 22, 23, 1, 76, 75, 2, 3, 4, 30, 31, 19, 20, 5, 6, 7, 8, 9, 10, 12, 13, 14, 74, 15, 16, 11, 17, 18, 37, 36, 35, 38, 39, 40, 34, 33, 32, 29, 26, 27, 28, 43, 42, 54, 53, 52, 55, 56, 57, 58, 59, 60, 41, 61, 62, 63, 64, 73, 72, 71, 65, 66, 51, 49, 50, 67, 70, 68, 69, 47, 48, 44, 45, 46, 24, 25, 21]
  Najlepszy dystans: 108973.09778065038

Iteracja 2:
  Najlepsza trasa: [44, 48, 47, 69, 68, 70, 67, 50, 49, 43, 42, 54, 53, 52, 55, 56, 51, 66, 65, 71, 72, 73, 64, 63, 57, 58, 62, 61, 59, 60, 41, 40, 39, 38, 34, 33, 32, 35, 36, 37, 18, 17, 16, 15, 74, 14, 13, 12, 11, 10, 9, 5, 20, 19, 31, 30, 29, 28, 27, 26, 4, 3, 6, 7, 8, 2, 75, 76, 1, 23, 22, 21, 25, 24, 46, 45, 44]
  Najlepszy dystans: 110452.72565073514

Iteracja 3:
  Najlepsza trasa: [31, 19, 32, 33, 35, 34, 40, 39, 38, 36, 37, 18, 17, 11, 16, 15, 74, 14, 13, 12, 10, 9, 8, 7, 6, 5, 20, 4, 3, 2, 75, 76, 1, 23, 22, 21, 25, 24, 46, 45, 44, 48, 47, 69, 68, 70, 67, 50, 49, 51, 66, 65, 71, 72, 73, 64, 63, 62, 61, 41, 60, 59, 58, 57, 56, 55, 52, 53, 54, 42, 43, 28, 27, 26, 29, 30, 31]
  Najlepszy dystans: 108766.78865318684

Iteracja 4:
  Najlepsza trasa: [39, 40, 34, 35, 33, 32, 19, 31, 30, 29, 26, 27, 28, 43, 42, 54, 53, 52, 55, 56, 57, 58, 59, 60, 41, 61, 62, 63, 64, 73, 72, 71, 65, 66, 51, 49, 50, 67, 70, 68, 69, 47, 48, 44, 45, 46, 24, 25, 21, 22, 23, 1, 76, 75, 2, 8, 7, 6, 3, 4, 20, 5, 10, 9, 12, 13, 14, 74, 15, 16, 11, 17, 18, 37, 36, 38, 39]
  Najlepszy dystans: 109180.34846180456

Iteracja 5:
  Najlepsza trasa: [54, 53, 52, 55, 56, 58, 59, 40, 41, 60, 61, 62, 57, 63, 64, 73, 72, 71, 65, 66, 51, 49, 50, 67, 70, 68, 69, 47, 48, 44, 45, 46, 24, 25, 21, 22, 23, 1, 75, 76, 2, 3, 4, 20, 5, 6, 7, 8, 9, 10, 11, 12, 13, 14, 74, 15, 16, 17, 18, 37, 36, 38, 39, 35, 34, 33, 32, 31, 19, 30, 29, 26, 27, 28, 43, 42, 54]
  Najlepszy dystans: 109043.18219548978

Iteracja 6:
  Najlepsza trasa: [3, 4, 5, 6, 7, 8, 9, 10, 11, 12, 13, 14, 74, 15, 16, 17, 18, 37, 36, 38, 39, 41, 40, 34, 35, 33, 32, 29, 30, 31, 19, 20, 26, 27, 28, 43, 42, 54, 53, 52, 55, 56, 57, 58, 59, 60, 61, 62, 63, 64, 73, 72, 71, 65, 66, 51, 49, 50, 67, 70, 68, 69, 47, 48, 44, 45, 46, 24, 25, 21, 22, 23, 1, 76, 75, 2, 3]
  Najlepszy dystans: 108275.08661343083

Iteracja 7:
  Najlepsza trasa: [73, 72, 71, 64, 63, 57, 58, 56, 55, 42, 54, 53, 52, 49, 50, 51, 66, 65, 67, 70, 68, 69, 47, 48, 44, 45, 46, 24, 25, 21, 22, 23, 1, 76, 75, 2, 3, 4, 6, 7, 8, 9, 10, 5, 20, 19, 31, 30, 29, 26, 27, 43, 28, 33, 32, 34, 35, 36, 37, 18, 17, 11, 12, 13, 14, 74, 15, 16, 38, 39, 40, 41, 60, 59, 61, 62, 73]
  Najlepszy dystans: 110824.56004519819

Iteracja 8:
  Najlepsza trasa: [22, 21, 25, 24, 46, 45, 44, 48, 47, 69, 68, 70, 67, 50, 49, 51, 66, 65, 71, 72, 73, 64, 63, 62, 61, 41, 60, 59, 58, 57, 56, 55, 52, 53, 54, 42, 43, 28, 27, 26, 29, 30, 31, 19, 32, 33, 35, 34, 40, 39, 38, 36, 37, 18, 17, 16, 15, 74, 14, 13, 12, 11, 10, 9, 8, 7, 6, 5, 20, 4, 3, 2, 75, 76, 1, 23, 22]
  Najlepszy dystans: 108280.45658074667

Iteracja 9:
  Najlepsza trasa: [54, 42, 43, 28, 27, 26, 20, 19, 31, 30, 29, 32, 33, 35, 34, 39, 38, 36, 37, 18, 17, 16, 15, 74, 14, 13, 12, 11, 10, 9, 8, 7, 6, 5, 4, 3, 2, 75, 76, 1, 23, 22, 21, 25, 24, 46, 45, 44, 48, 47, 69, 68, 70, 67, 50, 49, 51, 66, 65, 71, 72, 73, 64, 63, 62, 61, 41, 40, 60, 59, 58, 57, 56, 55, 52, 53, 54]
  Najlepszy dystans: 108304.5142781757

Iteracja 10:
  Najlepsza trasa: [3, 4, 5, 6, 7, 8, 9, 10, 11, 12, 13, 14, 74, 15, 16, 17, 18, 37, 36, 38, 39, 41, 40, 34, 35, 33, 32, 29, 30, 31, 19, 20, 26, 27, 28, 43, 42, 54, 53, 55, 56, 57, 58, 59, 60, 61, 62, 63, 64, 73, 72, 71, 65, 66, 51, 52, 49, 50, 67, 70, 68, 69, 47, 48, 44, 45, 46, 24, 25, 21, 22, 23, 1, 76, 75, 2, 3]
  Najlepszy dystans: 108718.86509686023

Iteracja 11:
  Najlepsza trasa: [29, 30, 26, 27, 28, 43, 42, 54, 53, 52, 55, 56, 57, 58, 59, 60, 41, 61, 62, 63, 64, 73, 72, 71, 65, 66, 51, 49, 50, 67, 70, 68, 69, 47, 48, 44, 45, 46, 24, 25, 21, 22, 23, 1, 76, 75, 2, 3, 4, 31, 19, 20, 5, 6, 7, 8, 9, 10, 11, 12, 13, 14, 74, 15, 16, 17, 18, 37, 36, 38, 39, 40, 34, 35, 33, 32, 29]
  Najlepszy dystans: 108714.91040199436

Iteracja 12:
  Najlepsza trasa: [56, 57, 58, 61, 62, 63, 64, 73, 72, 71, 65, 66, 51, 49, 50, 67, 70, 68, 69, 47, 48, 44, 45, 46, 24, 25, 21, 22, 23, 1, 76, 75, 2, 3, 4, 20, 5, 6, 7, 8, 9, 10, 11, 12, 13, 14, 74, 15, 16, 17, 18, 37, 36, 35, 38, 39, 41, 60, 59, 40, 34, 33, 32, 19, 31, 30, 29, 26, 27, 28, 43, 42, 54, 53, 52, 55, 56]
  Najlepszy dystans: 108722.67857855804

Iteracja 13:
  Najlepsza trasa: [1, 76, 75, 2, 4, 3, 7, 8, 6, 5, 20, 19, 31, 30, 29, 26, 27, 28, 43, 53, 54, 42, 33, 32, 10, 9, 12, 13, 14, 74, 15, 16, 11, 17, 18, 37, 36, 35, 34, 38, 39, 40, 41, 60, 59, 61, 62, 58, 57, 63, 64, 73, 72, 71, 65, 66, 51, 56, 55, 52, 49, 50, 67, 70, 68, 69, 47, 48, 44, 45, 46, 24, 25, 21, 22, 23, 1]
  Najlepszy dystans: 110207.88326843626

Iteracja 14:
  Najlepsza trasa: [63, 62, 61, 57, 58, 59, 60, 41, 40, 39, 38, 34, 33, 28, 43, 42, 54, 53, 27, 26, 20, 19, 31, 30, 29, 32, 35, 36, 37, 18, 17, 16, 15, 74, 14, 13, 12, 11, 10, 9, 8, 7, 6, 5, 4, 3, 2, 75, 76, 1, 23, 22, 21, 25, 24, 46, 45, 44, 48, 47, 69, 68, 70, 67, 50, 49, 52, 55, 56, 51, 66, 65, 71, 72, 73, 64, 63]
  Najlepszy dystans: 110065.33328778062

Iteracja 15:
  Najlepsza trasa: [55, 42, 54, 53, 52, 49, 50, 67, 70, 68, 69, 47, 48, 44, 45, 46, 24, 25, 21, 22, 23, 1, 76, 75, 2, 3, 4, 26, 27, 43, 28, 33, 32, 29, 30, 31, 19, 20, 5, 6, 7, 8, 9, 10, 12, 13, 14, 74, 15, 16, 11, 17, 18, 37, 36, 35, 38, 39, 34, 40, 41, 60, 59, 58, 57, 61, 62, 63, 64, 73, 72, 71, 65, 66, 51, 56, 55]
  Najlepszy dystans: 109696.90639914245

Iteracja 16:
  Najlepsza trasa: [46, 45, 44, 48, 47, 69, 68, 70, 67, 50, 49, 51, 66, 65, 71, 72, 73, 64, 63, 62, 61, 41, 60, 59, 58, 57, 56, 55, 52, 53, 54, 42, 43, 28, 27, 26, 29, 30, 31, 19, 32, 33, 35, 34, 40, 39, 38, 36, 37, 18, 17, 16, 15, 74, 14, 13, 12, 11, 10, 9, 8, 7, 6, 5, 20, 4, 3, 2, 75, 76, 1, 23, 22, 21, 25, 24, 46]
  Najlepszy dystans: 108280.45658074667

Iteracja 17:
  Najlepsza trasa: [4, 3, 2, 75, 76, 1, 23, 22, 21, 25, 24, 46, 45, 44, 48, 47, 69, 68, 70, 67, 50, 49, 43, 42, 54, 53, 52, 55, 58, 57, 56, 51, 66, 65, 71, 72, 73, 64, 63, 62, 61, 59, 60, 41, 40, 39, 38, 16, 15, 74, 14, 13, 12, 11, 17, 18, 37, 36, 35, 34, 32, 33, 28, 27, 26, 29, 30, 31, 19, 20, 5, 10, 9, 8, 7, 6, 4]
  Najlepszy dystans: 110011.98766496706

Iteracja 18:
  Najlepsza trasa: [59, 58, 55, 56, 57, 61, 62, 63, 64, 73, 72, 71, 65, 66, 51, 52, 49, 50, 67, 70, 68, 69, 47, 48, 44, 45, 46, 24, 25, 21, 22, 23, 1, 76, 75, 2, 3, 4, 6, 7, 8, 9, 10, 5, 20, 19, 31, 30, 29, 26, 27, 53, 54, 42, 43, 28, 33, 32, 35, 36, 37, 18, 17, 11, 12, 13, 14, 74, 15, 16, 38, 39, 34, 40, 41, 60, 59]
  Najlepszy dystans: 109912.63305630411

Iteracja 19:
  Najlepsza trasa: [70, 67, 49, 50, 51, 66, 65, 71, 72, 73, 64, 63, 62, 61, 60, 59, 58, 57, 56, 55, 52, 53, 54, 42, 43, 28, 27, 26, 29, 32, 33, 35, 34, 40, 41, 39, 38, 36, 37, 18, 17, 16, 15, 74, 14, 13, 12, 11, 10, 9, 8, 7, 6, 5, 19, 31, 30, 20, 4, 3, 2, 76, 75, 1, 23, 22, 21, 25, 24, 46, 45, 44, 48, 47, 69, 68, 70]
  Najlepszy dystans: 109026.71812204097

Iteracja 20:
  Najlepsza trasa: [10, 5, 20, 19, 31, 30, 29, 26, 27, 53, 54, 42, 43, 28, 33, 32, 35, 34, 38, 39, 40, 41, 60, 59, 61, 62, 63, 64, 73, 72, 71, 65, 66, 51, 56, 57, 58, 55, 52, 49, 50, 67, 70, 68, 69, 47, 48, 44, 45, 46, 24, 25, 21, 22, 23, 1, 76, 75, 2, 3, 4, 6, 7, 8, 9, 12, 13, 14, 74, 15, 16, 18, 37, 36, 17, 11, 10]
  Najlepszy dystans: 111164.61659198126

Iteracja 21:
  Najlepsza trasa: [19, 31, 30, 29, 26, 27, 28, 43, 42, 54, 53, 52, 55, 56, 57, 58, 61, 62, 63, 64, 73, 72, 71, 65, 66, 51, 49, 50, 67, 70, 68, 69, 47, 48, 44, 45, 46, 24, 25, 21, 22, 23, 1, 76, 75, 2, 8, 7, 6, 3, 4, 20, 5, 10, 9, 11, 12, 13, 14, 74, 15, 16, 17, 18, 37, 36, 35, 38, 39, 40, 41, 60, 59, 34, 33, 32, 19]
  Najlepszy dystans: 109602.20185774002

Iteracja 22:
  Najlepsza trasa: [50, 49, 27, 26, 29, 30, 31, 19, 32, 33, 28, 43, 42, 54, 53, 52, 55, 56, 51, 66, 65, 71, 72, 73, 64, 63, 62, 61, 57, 58, 59, 60, 41, 40, 39, 38, 34, 35, 36, 37, 18, 17, 16, 15, 74, 14, 13, 12, 11, 10, 9, 8, 7, 6, 5, 20, 4, 3, 2, 75, 76, 1, 23, 22, 21, 25, 24, 46, 45, 44, 48, 47, 69, 68, 70, 67, 50]
  Najlepszy dystans: 109175.56830105452

Iteracja 23:
  Najlepsza trasa: [29, 30, 31, 19, 20, 5, 10, 11, 16, 15, 74, 14, 13, 12, 9, 8, 7, 6, 4, 3, 2, 75, 76, 1, 23, 22, 21, 25, 24, 46, 45, 44, 48, 47, 69, 68, 70, 67, 50, 49, 52, 53, 43, 42, 54, 55, 56, 51, 66, 65, 71, 72, 73, 64, 63, 62, 61, 57, 58, 59, 60, 41, 40, 39, 38, 36, 37, 17, 18, 35, 34, 32, 33, 28, 27, 26, 29]
  Najlepszy dystans: 109885.79503106009

Iteracja 24:
  Najlepsza trasa: [11, 35, 32, 33, 28, 27, 26, 29, 30, 31, 19, 20, 5, 10, 9, 8, 7, 6, 4, 3, 2, 75, 76, 1, 23, 22, 21, 25, 24, 46, 45, 44, 48, 47, 69, 68, 70, 67, 50, 49, 43, 42, 54, 53, 52, 55, 56, 51, 66, 65, 71, 72, 73, 64, 63, 62, 61, 57, 58, 59, 60, 41, 40, 34, 39, 38, 36, 37, 18, 17, 16, 15, 74, 14, 13, 12, 11]
  Najlepszy dystans: 109164.8229126517

Iteracja 25:
  Najlepsza trasa: [64, 63, 57, 62, 61, 41, 60, 59, 58, 56, 55, 52, 53, 54, 42, 43, 28, 27, 26, 20, 19, 31, 30, 29, 32, 33, 35, 34, 40, 39, 38, 36, 37, 18, 17, 16, 15, 74, 14, 13, 12, 11, 10, 9, 8, 7, 6, 5, 4, 3, 2, 75, 76, 1, 23, 22, 21, 25, 24, 46, 45, 44, 48, 47, 69, 68, 70, 67, 50, 49, 51, 66, 65, 71, 72, 73, 64]
  Najlepszy dystans: 108645.77034657785

Iteracja 26:
  Najlepsza trasa: [17, 16, 15, 13, 14, 74, 8, 7, 6, 4, 3, 2, 75, 76, 1, 23, 22, 21, 25, 24, 46, 45, 44, 48, 47, 69, 68, 70, 67, 50, 49, 53, 52, 55, 56, 51, 66, 65, 71, 72, 73, 64, 63, 57, 58, 62, 61, 59, 60, 41, 40, 39, 38, 18, 37, 36, 35, 34, 32, 33, 54, 42, 43, 28, 27, 26, 29, 30, 31, 19, 20, 5, 10, 9, 12, 11, 17]
  Najlepszy dystans: 109603.9780960685

Iteracja 27:
  Najlepsza trasa: [27, 26, 20, 19, 31, 30, 29, 32, 33, 35, 34, 40, 41, 39, 38, 36, 37, 18, 17, 16, 15, 74, 14, 13, 12, 11, 10, 9, 8, 7, 6, 5, 4, 3, 2, 75, 76, 1, 23, 22, 21, 25, 24, 46, 45, 44, 48, 47, 69, 68, 70, 67, 50, 49, 51, 66, 65, 71, 72, 73, 64, 63, 62, 61, 60, 59, 58, 57, 56, 55, 52, 53, 54, 42, 43, 28, 27]
  Najlepszy dystans: 108275.08661343083

Iteracja 28:
  Najlepsza trasa: [27, 49, 50, 67, 70, 68, 69, 47, 48, 44, 45, 46, 24, 25, 21, 22, 23, 1, 76, 75, 2, 3, 4, 30, 31, 19, 20, 5, 6, 7, 8, 9, 10, 11, 12, 13, 14, 74, 15, 16, 17, 18, 37, 36, 38, 39, 35, 34, 40, 41, 60, 59, 58, 57, 61, 62, 63, 64, 73, 72, 71, 65, 66, 51, 56, 55, 52, 53, 54, 42, 43, 28, 33, 32, 29, 26, 27]
  Najlepszy dystans: 109333.91649055138

Iteracja 29:
  Najlepsza trasa: [13, 12, 9, 8, 7, 6, 4, 3, 2, 75, 76, 1, 23, 22, 21, 25, 24, 46, 45, 44, 48, 47, 69, 68, 70, 67, 50, 49, 52, 55, 56, 51, 66, 65, 71, 72, 73, 64, 63, 57, 62, 61, 58, 59, 60, 41, 40, 39, 38, 34, 35, 32, 33, 28, 43, 42, 54, 53, 27, 26, 29, 30, 31, 19, 20, 5, 10, 11, 17, 36, 37, 18, 16, 15, 74, 14, 13]
  Najlepszy dystans: 110279.52403187224

Iteracja 30:
  Najlepsza trasa: [33, 32, 29, 28, 43, 42, 54, 53, 27, 26, 30, 31, 19, 20, 5, 10, 9, 8, 7, 6, 4, 3, 2, 75, 76, 1, 23, 22, 21, 25, 24, 46, 45, 44, 48, 47, 69, 68, 70, 67, 50, 49, 52, 51, 66, 65, 71, 72, 73, 64, 63, 57, 56, 55, 58, 62, 61, 59, 60, 41, 40, 39, 38, 16, 15, 74, 14, 13, 12, 11, 17, 18, 37, 36, 35, 34, 33]
  Najlepszy dystans: 110117.16300121584

Iteracja 31:
  Najlepsza trasa: [48, 47, 69, 68, 70, 67, 50, 49, 51, 66, 65, 71, 72, 73, 64, 63, 57, 62, 61, 41, 40, 60, 59, 58, 56, 55, 52, 53, 54, 42, 43, 28, 27, 26, 20, 19, 31, 30, 29, 32, 33, 35, 34, 39, 38, 36, 37, 18, 17, 16, 15, 74, 14, 13, 12, 11, 10, 9, 8, 7, 6, 5, 4, 3, 2, 75, 76, 1, 23, 22, 21, 25, 24, 46, 45, 44, 48]
  Najlepszy dystans: 108790.84635061587

Iteracja 32:
  Najlepsza trasa: [62, 58, 57, 63, 64, 73, 72, 71, 65, 66, 51, 56, 55, 42, 54, 53, 52, 49, 50, 67, 70, 68, 69, 47, 48, 44, 45, 46, 24, 25, 21, 22, 23, 1, 76, 75, 2, 3, 4, 5, 20, 19, 31, 30, 29, 26, 27, 43, 28, 33, 32, 10, 6, 7, 8, 9, 12, 13, 14, 74, 15, 16, 11, 17, 18, 37, 36, 38, 39, 35, 34, 40, 41, 60, 59, 61, 62]
  Najlepszy dystans: 110608.01113998573

Iteracja 33:
  Najlepsza trasa: [37, 18, 17, 16, 15, 74, 14, 13, 12, 11, 10, 9, 8, 7, 6, 5, 20, 19, 31, 4, 3, 2, 75, 76, 1, 23, 22, 21, 25, 24, 46, 45, 44, 48, 47, 69, 68, 70, 67, 50, 49, 52, 51, 66, 65, 71, 72, 73, 64, 63, 57, 62, 61, 41, 40, 60, 59, 58, 56, 55, 53, 54, 42, 43, 28, 27, 26, 30, 29, 33, 32, 35, 34, 39, 38, 36, 37]
  Najlepszy dystans: 109825.04341564464

Iteracja 34:
  Najlepsza trasa: [5, 6, 7, 8, 9, 10, 12, 13, 14, 74, 15, 16, 11, 17, 18, 37, 36, 35, 32, 19, 31, 30, 29, 26, 27, 53, 54, 42, 43, 28, 33, 34, 38, 39, 40, 41, 60, 59, 58, 57, 61, 62, 63, 64, 73, 72, 71, 65, 66, 51, 56, 55, 52, 49, 50, 67, 70, 68, 69, 47, 48, 44, 45, 46, 24, 25, 21, 22, 23, 1, 76, 75, 2, 3, 4, 20, 5]
  Najlepszy dystans: 110672.68366682979

Iteracja 35:
  Najlepsza trasa: [45, 44, 48, 47, 69, 68, 70, 67, 50, 49, 52, 51, 66, 65, 71, 72, 73, 64, 63, 57, 55, 56, 58, 62, 61, 59, 60, 41, 40, 34, 39, 38, 35, 36, 37, 18, 17, 16, 15, 74, 14, 13, 12, 11, 10, 9, 8, 7, 6, 5, 20, 19, 31, 30, 29, 32, 33, 28, 43, 42, 53, 54, 27, 26, 4, 3, 2, 75, 76, 1, 23, 22, 21, 25, 24, 46, 45]
  Najlepszy dystans: 110553.8790931994

Iteracja 36:
  Najlepsza trasa: [55, 56, 65, 66, 51, 50, 49, 48, 47, 69, 68, 67, 70, 71, 72, 73, 64, 63, 57, 62, 61, 58, 59, 60, 41, 40, 34, 39, 38, 35, 36, 37, 18, 17, 16, 15, 74, 14, 13, 12, 11, 10, 9, 8, 7, 6, 5, 20, 19, 31, 30, 4, 3, 2, 75, 76, 1, 23, 22, 21, 25, 24, 46, 45, 44, 27, 26, 29, 32, 33, 28, 43, 42, 54, 53, 52, 55]
  Najlepszy dystans: 112365.27663121313

Iteracja 37:
  Najlepsza trasa: [24, 46, 45, 44, 48, 47, 69, 68, 70, 67, 50, 49, 51, 66, 65, 71, 72, 73, 64, 63, 62, 61, 41, 40, 60, 59, 58, 57, 56, 55, 52, 53, 54, 42, 43, 28, 27, 26, 20, 19, 31, 30, 29, 32, 33, 34, 39, 38, 35, 36, 37, 18, 17, 16, 15, 74, 14, 13, 12, 11, 10, 9, 8, 7, 6, 5, 4, 3, 2, 75, 76, 1, 23, 22, 21, 25, 24]
  Najlepszy dystans: 108347.23282714881

Iteracja 38:
  Najlepsza trasa: [8, 7, 3, 4, 2, 75, 76, 1, 23, 22, 21, 25, 24, 46, 45, 44, 48, 47, 69, 68, 70, 67, 50, 49, 43, 42, 54, 53, 52, 51, 66, 65, 71, 72, 73, 64, 63, 57, 56, 55, 58, 62, 61, 59, 60, 41, 40, 39, 38, 34, 35, 36, 37, 18, 17, 11, 16, 15, 74, 14, 13, 12, 9, 10, 32, 33, 28, 27, 26, 29, 30, 31, 19, 20, 5, 6, 8]
  Najlepszy dystans: 110373.12200064263

Iteracja 39:
  Najlepsza trasa: [10, 9, 8, 7, 6, 5, 19, 20, 4, 3, 2, 75, 76, 1, 23, 22, 21, 25, 24, 46, 45, 44, 48, 47, 69, 68, 70, 67, 50, 49, 51, 66, 65, 71, 72, 73, 64, 63, 62, 61, 41, 60, 59, 58, 57, 56, 55, 52, 53, 54, 42, 43, 28, 27, 26, 29, 30, 31, 32, 33, 35, 34, 40, 39, 38, 36, 37, 18, 17, 16, 15, 74, 14, 13, 12, 11, 10]
  Najlepszy dystans: 108629.33399194172

Iteracja 40:
  Najlepsza trasa: [35, 32, 33, 34, 40, 41, 60, 59, 58, 55, 56, 57, 61, 62, 63, 64, 73, 72, 71, 65, 66, 51, 50, 49, 52, 53, 54, 42, 43, 28, 29, 30, 31, 19, 20, 26, 27, 44, 48, 67, 70, 68, 69, 47, 45, 46, 24, 25, 21, 22, 23, 1, 76, 75, 2, 3, 4, 5, 6, 7, 8, 9, 10, 11, 12, 13, 14, 74, 15, 16, 17, 18, 37, 36, 38, 39, 35]
  Najlepszy dystans: 111214.99247982648

Iteracja 41:
  Najlepsza trasa: [61, 62, 57, 63, 64, 73, 72, 71, 65, 66, 51, 56, 55, 42, 54, 53, 52, 49, 50, 67, 70, 68, 69, 47, 48, 44, 45, 46, 24, 25, 21, 22, 23, 1, 76, 75, 2, 3, 4, 6, 7, 8, 9, 12, 13, 14, 74, 15, 16, 17, 11, 10, 5, 20, 19, 31, 30, 29, 26, 27, 43, 28, 33, 32, 34, 35, 36, 37, 18, 38, 39, 40, 41, 60, 59, 58, 61]
  Najlepszy dystans: 109717.67884648511

Iteracja 42:
  Najlepsza trasa: [53, 52, 55, 56, 58, 59, 60, 40, 41, 61, 62, 57, 63, 64, 73, 72, 71, 65, 66, 51, 49, 50, 67, 70, 68, 69, 47, 48, 44, 45, 46, 24, 25, 21, 22, 23, 1, 76, 75, 2, 3, 4, 5, 6, 7, 8, 9, 10, 11, 12, 13, 14, 74, 15, 16, 17, 18, 37, 36, 38, 39, 34, 35, 33, 32, 29, 30, 31, 19, 20, 26, 27, 28, 43, 42, 54, 53]
  Najlepszy dystans: 108790.84635061589

Iteracja 43:
  Najlepsza trasa: [73, 72, 71, 65, 66, 51, 56, 55, 42, 54, 53, 52, 49, 50, 67, 70, 68, 69, 47, 48, 44, 45, 46, 24, 25, 21, 22, 23, 1, 76, 75, 2, 3, 4, 6, 7, 8, 9, 10, 5, 20, 19, 31, 30, 29, 26, 27, 43, 28, 33, 32, 34, 35, 36, 37, 18, 17, 11, 12, 13, 14, 74, 15, 16, 38, 39, 40, 41, 60, 59, 58, 57, 61, 62, 63, 64, 73]
  Najlepszy dystans: 109212.90738581924

Iteracja 44:
  Najlepsza trasa: [6, 5, 20, 19, 31, 30, 4, 3, 2, 75, 76, 1, 23, 22, 21, 25, 24, 46, 45, 44, 48, 47, 69, 68, 70, 67, 50, 49, 51, 66, 65, 71, 72, 73, 64, 63, 62, 61, 41, 40, 60, 59, 58, 57, 56, 55, 52, 53, 54, 42, 43, 28, 27, 26, 29, 32, 33, 35, 34, 39, 38, 36, 37, 18, 17, 16, 15, 74, 14, 13, 12, 11, 10, 9, 8, 7, 6]
  Najlepszy dystans: 108589.12316327512

Iteracja 45:
  Najlepsza trasa: [4, 5, 6, 7, 8, 9, 10, 12, 13, 14, 74, 15, 16, 11, 17, 18, 37, 36, 38, 39, 40, 34, 35, 33, 32, 29, 30, 31, 19, 20, 26, 27, 28, 43, 42, 54, 53, 52, 55, 56, 57, 58, 59, 60, 41, 61, 62, 63, 64, 73, 72, 71, 65, 66, 51, 49, 50, 67, 70, 68, 69, 47, 48, 44, 45, 46, 24, 25, 21, 22, 23, 1, 76, 75, 2, 3, 4]
  Najlepszy dystans: 108645.77034657785

Iteracja 46:
  Najlepsza trasa: [15, 16, 18, 17, 11, 12, 9, 10, 5, 20, 19, 31, 30, 29, 26, 27, 43, 28, 33, 32, 34, 35, 36, 37, 38, 39, 40, 41, 60, 59, 58, 57, 61, 62, 63, 64, 73, 72, 71, 65, 66, 51, 56, 55, 42, 54, 53, 52, 49, 50, 67, 70, 68, 69, 47, 48, 44, 45, 46, 24, 25, 21, 22, 23, 1, 76, 75, 2, 3, 4, 6, 7, 8, 74, 14, 13, 15]
  Najlepszy dystans: 109429.10688783076

Iteracja 47:
  Najlepsza trasa: [44, 48, 47, 69, 68, 70, 67, 50, 49, 51, 66, 65, 71, 72, 73, 64, 63, 57, 62, 61, 41, 40, 60, 59, 58, 56, 55, 52, 53, 54, 42, 43, 28, 27, 26, 20, 19, 31, 30, 29, 32, 33, 35, 34, 39, 38, 36, 37, 18, 17, 16, 15, 74, 14, 13, 12, 11, 10, 9, 8, 7, 6, 5, 4, 3, 2, 75, 76, 1, 23, 22, 21, 25, 24, 46, 45, 44]
  Najlepszy dystans: 108790.84635061587

Iteracja 48:
  Najlepsza trasa: [43, 42, 54, 53, 52, 55, 56, 57, 58, 59, 60, 40, 41, 61, 62, 63, 64, 73, 72, 71, 65, 66, 51, 49, 50, 67, 70, 68, 69, 47, 48, 44, 45, 46, 24, 25, 21, 22, 23, 1, 76, 75, 2, 3, 4, 5, 6, 7, 8, 9, 10, 11, 12, 13, 14, 74, 15, 16, 17, 18, 37, 36, 35, 38, 39, 34, 33, 32, 29, 30, 31, 19, 20, 26, 27, 28, 43]
  Najlepszy dystans: 108347.2328271488

Iteracja 49:
  Najlepsza trasa: [76, 75, 2, 3, 4, 6, 7, 8, 9, 12, 13, 14, 74, 15, 16, 11, 10, 5, 20, 19, 31, 30, 29, 26, 27, 28, 43, 42, 33, 32, 35, 36, 17, 18, 37, 38, 39, 34, 40, 41, 60, 59, 58, 57, 61, 62, 63, 64, 73, 72, 71, 65, 66, 51, 56, 55, 54, 53, 52, 49, 50, 67, 70, 68, 69, 47, 48, 44, 45, 46, 24, 25, 21, 22, 23, 1, 76]
  Najlepszy dystans: 110089.54791923311

Iteracja 50:
  Najlepsza trasa: [12, 9, 10, 32, 33, 28, 27, 26, 29, 30, 31, 19, 20, 5, 6, 8, 7, 3, 4, 2, 75, 76, 1, 23, 22, 21, 25, 24, 46, 45, 44, 48, 47, 69, 68, 70, 67, 50, 49, 43, 42, 54, 53, 52, 55, 56, 51, 66, 65, 71, 72, 73, 64, 63, 57, 58, 62, 61, 59, 60, 41, 40, 34, 35, 39, 38, 36, 37, 18, 17, 11, 16, 15, 74, 14, 13, 12]
  Najlepszy dystans: 109865.50170336077

Iteracja 51:
  Najlepsza trasa: [9, 8, 7, 6, 5, 19, 20, 4, 3, 2, 75, 76, 1, 23, 22, 21, 25, 24, 46, 45, 44, 48, 47, 69, 68, 70, 67, 50, 49, 51, 66, 65, 71, 72, 73, 64, 63, 62, 61, 41, 60, 59, 58, 57, 56, 55, 52, 53, 54, 42, 43, 28, 27, 26, 29, 30, 31, 32, 33, 34, 40, 39, 38, 35, 36, 37, 18, 17, 16, 15, 74, 14, 13, 12, 11, 10, 9]
  Najlepszy dystans: 108672.05254091481

Iteracja 52:
  Najlepsza trasa: [42, 54, 53, 52, 55, 56, 51, 66, 65, 71, 72, 73, 64, 63, 62, 61, 57, 58, 59, 60, 41, 40, 39, 38, 18, 37, 36, 35, 34, 32, 33, 28, 27, 26, 29, 30, 31, 19, 20, 5, 10, 11, 17, 16, 15, 74, 14, 13, 12, 9, 8, 7, 6, 4, 3, 2, 75, 76, 1, 23, 22, 21, 25, 24, 46, 45, 44, 48, 47, 69, 68, 70, 67, 50, 49, 43, 42]
  Najlepszy dystans: 109561.65451422836

Iteracja 53:
  Najlepsza trasa: [72, 73, 64, 63, 57, 62, 61, 60, 59, 58, 55, 56, 52, 53, 54, 42, 43, 28, 27, 26, 20, 19, 31, 30, 29, 33, 32, 35, 34, 40, 41, 39, 38, 36, 37, 18, 17, 16, 15, 74, 14, 13, 12, 11, 10, 9, 8, 7, 6, 5, 4, 3, 2, 75, 76, 1, 23, 22, 21, 25, 24, 46, 45, 44, 48, 47, 69, 68, 70, 67, 50, 49, 51, 66, 65, 71, 72]
  Najlepszy dystans: 108831.31159335632

Iteracja 54:
  Najlepsza trasa: [2, 3, 4, 5, 6, 7, 8, 9, 10, 11, 12, 13, 14, 74, 15, 16, 17, 18, 37, 36, 35, 38, 39, 34, 33, 32, 29, 30, 31, 19, 20, 26, 27, 28, 43, 42, 54, 53, 52, 55, 56, 57, 58, 59, 60, 40, 41, 61, 62, 63, 64, 73, 72, 71, 65, 66, 51, 49, 50, 67, 70, 68, 69, 47, 48, 44, 45, 46, 24, 25, 21, 22, 23, 1, 76, 75, 2]
  Najlepszy dystans: 108347.2328271488

Iteracja 55:
  Najlepsza trasa: [2, 3, 4, 5, 6, 7, 8, 9, 10, 12, 13, 14, 74, 15, 16, 11, 17, 18, 37, 36, 38, 39, 60, 41, 40, 34, 35, 32, 33, 28, 29, 30, 31, 19, 20, 26, 27, 43, 42, 54, 53, 52, 55, 56, 57, 58, 59, 61, 62, 63, 64, 73, 72, 71, 65, 66, 51, 49, 50, 67, 70, 68, 69, 47, 48, 44, 45, 46, 24, 25, 21, 22, 23, 1, 76, 75, 2]
  Najlepszy dystans: 109155.19983156207

Iteracja 56:
  Najlepsza trasa: [30, 31, 19, 20, 10, 9, 8, 7, 6, 5, 4, 3, 2, 75, 76, 1, 23, 22, 21, 25, 24, 46, 45, 44, 48, 47, 69, 68, 70, 67, 50, 49, 52, 51, 66, 65, 71, 72, 73, 64, 63, 62, 61, 57, 56, 55, 58, 59, 60, 41, 40, 39, 38, 16, 15, 74, 14, 13, 12, 11, 17, 18, 37, 36, 35, 34, 32, 33, 28, 43, 42, 54, 53, 27, 26, 29, 30]
  Najlepszy dystans: 110271.14403791264

Iteracja 57:
  Najlepsza trasa: [64, 73, 72, 71, 65, 66, 51, 49, 50, 67, 70, 68, 69, 47, 48, 44, 45, 46, 24, 25, 21, 22, 23, 1, 76, 75, 2, 3, 4, 30, 31, 19, 20, 5, 6, 7, 8, 9, 10, 11, 12, 13, 14, 74, 15, 16, 17, 18, 37, 36, 35, 38, 39, 41, 40, 34, 33, 32, 29, 26, 27, 28, 43, 42, 54, 53, 52, 55, 56, 57, 58, 59, 60, 61, 62, 63, 64]
  Najlepszy dystans: 108602.41404750332

Iteracja 58:
  Najlepsza trasa: [14, 74, 8, 7, 6, 4, 3, 2, 75, 76, 1, 23, 22, 21, 25, 24, 46, 45, 44, 48, 47, 69, 68, 70, 67, 50, 49, 42, 54, 53, 52, 51, 66, 65, 56, 55, 58, 57, 63, 64, 71, 72, 73, 62, 61, 59, 60, 41, 40, 39, 38, 18, 37, 36, 35, 34, 32, 33, 28, 43, 27, 26, 29, 30, 31, 19, 20, 5, 10, 9, 12, 11, 17, 16, 15, 13, 14]
  Najlepszy dystans: 110634.43243966835

Iteracja 59:
  Najlepsza trasa: [41, 60, 61, 62, 63, 64, 73, 72, 71, 65, 66, 51, 49, 50, 67, 70, 68, 69, 47, 48, 44, 45, 46, 24, 25, 21, 22, 23, 1, 76, 75, 2, 3, 4, 5, 6, 7, 8, 9, 10, 12, 13, 14, 74, 15, 16, 11, 17, 18, 37, 36, 38, 39, 34, 35, 33, 32, 29, 30, 31, 19, 20, 26, 27, 28, 43, 42, 54, 53, 52, 55, 56, 57, 58, 59, 40, 41]
  Najlepszy dystans: 108794.83347166386

Iteracja 60:
  Najlepsza trasa: [22, 21, 25, 24, 46, 45, 44, 48, 47, 69, 68, 70, 67, 50, 49, 51, 66, 65, 71, 72, 73, 64, 63, 62, 61, 58, 57, 56, 55, 52, 53, 54, 42, 43, 28, 27, 26, 20, 19, 31, 30, 29, 32, 33, 35, 34, 40, 59, 60, 41, 39, 38, 36, 37, 18, 17, 16, 15, 74, 14, 13, 12, 11, 10, 9, 8, 7, 6, 5, 4, 3, 2, 75, 76, 1, 23, 22]
  Najlepszy dystans: 108558.94172297597

Iteracja 61:
  Najlepsza trasa: [38, 39, 34, 40, 41, 60, 59, 58, 55, 56, 57, 61, 62, 63, 64, 73, 72, 71, 65, 66, 51, 52, 49, 50, 67, 70, 68, 69, 47, 48, 44, 45, 46, 24, 25, 21, 22, 23, 1, 76, 75, 2, 4, 3, 7, 8, 6, 5, 20, 19, 31, 30, 29, 26, 27, 53, 54, 42, 43, 28, 33, 32, 35, 36, 37, 18, 17, 11, 10, 9, 12, 13, 14, 74, 15, 16, 38]
  Najlepszy dystans: 110707.8949011952

Iteracja 62:
  Najlepsza trasa: [71, 65, 66, 51, 52, 53, 54, 42, 43, 49, 50, 67, 70, 68, 69, 47, 48, 44, 45, 46, 24, 25, 21, 22, 23, 1, 75, 76, 2, 4, 3, 7, 8, 6, 5, 20, 10, 9, 11, 12, 13, 14, 74, 15, 16, 17, 18, 37, 36, 38, 39, 35, 32, 19, 31, 30, 29, 26, 27, 28, 33, 34, 40, 41, 60, 59, 61, 62, 58, 55, 56, 57, 63, 64, 73, 72, 71]
  Najlepszy dystans: 111475.30486515377

Iteracja 63:
  Najlepsza trasa: [48, 44, 45, 46, 24, 25, 21, 22, 23, 1, 76, 75, 2, 3, 4, 20, 5, 6, 7, 8, 9, 10, 12, 13, 14, 74, 15, 16, 11, 17, 18, 37, 36, 38, 39, 35, 34, 33, 32, 19, 31, 30, 29, 26, 27, 28, 43, 42, 54, 53, 55, 56, 58, 59, 60, 40, 41, 61, 62, 57, 63, 64, 73, 72, 71, 65, 66, 51, 52, 49, 50, 67, 70, 68, 69, 47, 48]
  Najlepszy dystans: 109844.44534742628

Iteracja 64:
  Najlepsza trasa: [64, 73, 72, 71, 65, 66, 51, 56, 55, 52, 53, 49, 50, 67, 70, 68, 69, 47, 48, 44, 45, 46, 24, 25, 21, 22, 23, 1, 76, 75, 2, 3, 4, 6, 7, 8, 9, 12, 13, 14, 74, 15, 16, 11, 10, 5, 20, 19, 31, 30, 29, 26, 27, 28, 43, 42, 54, 33, 32, 35, 36, 37, 17, 18, 38, 39, 34, 40, 41, 60, 59, 61, 62, 58, 57, 63, 64]
  Najlepszy dystans: 110152.02555611248

Iteracja 65:
  Najlepsza trasa: [7, 6, 5, 4, 3, 2, 75, 76, 1, 23, 22, 21, 25, 24, 46, 45, 44, 48, 47, 69, 68, 70, 67, 50, 49, 52, 53, 54, 42, 43, 28, 27, 26, 20, 19, 31, 30, 29, 32, 33, 55, 56, 51, 66, 65, 71, 72, 73, 64, 63, 57, 58, 62, 61, 59, 60, 41, 40, 34, 35, 39, 38, 36, 37, 18, 17, 11, 16, 15, 74, 14, 13, 12, 10, 9, 8, 7]
  Najlepszy dystans: 109540.28110640007

Iteracja 66:
  Najlepsza trasa: [11, 17, 18, 16, 15, 13, 14, 74, 8, 7, 6, 4, 3, 2, 75, 76, 1, 23, 22, 21, 25, 24, 46, 45, 44, 48, 47, 69, 68, 70, 67, 50, 49, 52, 55, 56, 51, 66, 65, 71, 72, 73, 64, 63, 57, 58, 62, 61, 59, 60, 41, 40, 34, 39, 38, 37, 36, 35, 32, 33, 28, 43, 42, 54, 53, 27, 26, 29, 30, 31, 19, 20, 5, 10, 9, 12, 11]
  Najlepszy dystans: 109621.21226103375

Iteracja 67:
  Najlepsza trasa: [28, 33, 32, 34, 35, 36, 37, 17, 18, 38, 39, 40, 41, 60, 59, 61, 62, 63, 64, 73, 72, 71, 65, 66, 51, 56, 57, 58, 55, 52, 49, 50, 67, 70, 68, 69, 47, 48, 44, 45, 46, 24, 25, 21, 22, 23, 1, 76, 75, 2, 3, 4, 6, 7, 8, 9, 12, 13, 14, 74, 15, 16, 11, 10, 5, 20, 19, 31, 30, 29, 26, 27, 53, 54, 42, 43, 28]
  Najlepszy dystans: 110911.43798912261

Iteracja 68:
  Najlepsza trasa: [69, 68, 70, 67, 50, 49, 51, 66, 65, 71, 72, 73, 64, 63, 62, 61, 41, 60, 59, 58, 57, 56, 55, 52, 53, 54, 42, 43, 28, 27, 26, 29, 32, 33, 34, 40, 39, 38, 35, 36, 37, 18, 17, 16, 15, 74, 14, 13, 12, 11, 9, 10, 5, 20, 19, 31, 30, 4, 3, 6, 7, 8, 2, 75, 76, 1, 23, 22, 21, 25, 24, 46, 45, 44, 48, 47, 69]
  Najlepszy dystans: 109352.90040556194

Iteracja 69:
  Najlepsza trasa: [19, 20, 4, 3, 2, 75, 76, 1, 23, 22, 21, 25, 24, 46, 45, 44, 48, 47, 69, 68, 70, 67, 50, 49, 51, 66, 65, 71, 72, 73, 64, 63, 62, 61, 58, 57, 56, 55, 52, 53, 54, 42, 43, 28, 27, 26, 29, 30, 31, 32, 33, 34, 40, 41, 59, 60, 39, 38, 35, 36, 37, 18, 17, 11, 16, 15, 74, 14, 13, 12, 10, 9, 8, 7, 6, 5, 19]
  Najlepszy dystans: 109558.82422529599

Iteracja 70:
  Najlepsza trasa: [41, 40, 39, 38, 34, 35, 36, 37, 18, 17, 16, 15, 74, 14, 13, 12, 11, 10, 9, 6, 7, 8, 5, 4, 3, 2, 75, 76, 1, 23, 22, 21, 25, 24, 46, 45, 44, 48, 47, 69, 68, 70, 67, 50, 49, 52, 53, 54, 42, 43, 28, 27, 26, 29, 30, 20, 19, 31, 32, 33, 55, 56, 51, 66, 65, 71, 72, 73, 64, 63, 62, 61, 57, 58, 59, 60, 41]
  Najlepszy dystans: 109900.08798189931

Iteracja 71:
  Najlepsza trasa: [53, 54, 42, 43, 28, 27, 26, 20, 19, 31, 30, 29, 32, 33, 35, 34, 39, 38, 36, 37, 18, 17, 16, 15, 74, 14, 13, 12, 11, 10, 9, 8, 7, 6, 5, 4, 3, 2, 75, 76, 1, 23, 22, 21, 25, 24, 46, 45, 44, 48, 47, 69, 68, 70, 67, 50, 49, 51, 66, 65, 71, 72, 73, 64, 63, 62, 61, 41, 40, 60, 59, 58, 57, 56, 55, 52, 53]
  Najlepszy dystans: 108304.5142781757

Iteracja 72:
  Najlepsza trasa: [65, 71, 72, 73, 64, 63, 57, 58, 62, 61, 59, 60, 41, 40, 34, 39, 38, 18, 17, 37, 36, 35, 32, 33, 28, 27, 26, 29, 30, 31, 19, 20, 5, 10, 9, 12, 11, 16, 15, 13, 14, 74, 8, 7, 6, 4, 3, 2, 75, 76, 1, 23, 22, 21, 25, 24, 46, 45, 44, 48, 47, 69, 68, 70, 67, 50, 49, 43, 42, 54, 53, 52, 55, 56, 51, 66, 65]
  Najlepszy dystans: 109366.03104067924

Iteracja 73:
  Najlepsza trasa: [68, 70, 67, 50, 49, 43, 42, 54, 53, 52, 55, 56, 51, 66, 65, 71, 72, 73, 64, 63, 57, 58, 62, 61, 59, 60, 41, 40, 34, 33, 28, 27, 26, 20, 19, 31, 30, 29, 32, 35, 39, 38, 36, 37, 18, 17, 16, 15, 74, 14, 13, 12, 11, 10, 9, 8, 7, 6, 5, 4, 3, 2, 75, 76, 1, 23, 22, 21, 25, 24, 46, 45, 44, 48, 47, 69, 68]
  Najlepszy dystans: 109770.23962469409

Iteracja 74:
  Najlepsza trasa: [63, 64, 73, 72, 71, 65, 66, 51, 56, 55, 52, 49, 50, 67, 70, 68, 69, 47, 48, 44, 45, 46, 24, 25, 21, 22, 23, 1, 76, 75, 2, 3, 4, 6, 7, 8, 9, 10, 5, 20, 19, 31, 30, 29, 26, 27, 53, 54, 42, 43, 28, 33, 32, 35, 36, 37, 18, 17, 11, 12, 13, 14, 74, 15, 16, 38, 39, 34, 40, 41, 60, 59, 61, 62, 58, 57, 63]
  Najlepszy dystans: 109405.01275902227

Iteracja 75:
  Najlepsza trasa: [62, 63, 64, 73, 72, 71, 65, 66, 51, 56, 55, 42, 54, 53, 52, 49, 50, 67, 70, 68, 69, 47, 48, 44, 45, 46, 24, 25, 21, 22, 23, 1, 76, 75, 2, 3, 4, 6, 7, 8, 9, 12, 13, 14, 74, 15, 16, 18, 37, 36, 17, 11, 10, 5, 20, 19, 31, 30, 29, 26, 27, 43, 28, 33, 32, 35, 34, 38, 39, 40, 41, 60, 59, 58, 57, 61, 62]
  Najlepszy dystans: 110080.927427734

Iteracja 76:
  Najlepsza trasa: [5, 10, 9, 12, 11, 17, 16, 15, 13, 14, 74, 8, 7, 6, 4, 3, 2, 75, 76, 1, 23, 22, 21, 25, 24, 46, 45, 44, 48, 47, 69, 68, 70, 67, 50, 49, 43, 42, 54, 53, 52, 55, 56, 51, 66, 65, 71, 72, 73, 64, 63, 57, 58, 62, 61, 59, 60, 41, 40, 39, 38, 18, 37, 36, 35, 34, 33, 32, 29, 28, 27, 26, 30, 31, 19, 20, 5]
  Najlepszy dystans: 109430.72737054646

Iteracja 77:
  Najlepsza trasa: [71, 72, 73, 64, 63, 62, 61, 58, 57, 56, 55, 52, 53, 54, 42, 43, 28, 27, 26, 29, 30, 31, 19, 32, 33, 35, 34, 40, 59, 60, 41, 39, 38, 36, 37, 18, 17, 11, 16, 15, 74, 14, 13, 12, 10, 9, 8, 7, 6, 5, 20, 4, 3, 2, 75, 76, 1, 23, 22, 21, 25, 24, 46, 45, 44, 48, 47, 69, 68, 70, 67, 50, 49, 51, 66, 65, 71]
  Najlepszy dystans: 109166.29210202517

Iteracja 78:
  Najlepsza trasa: [4, 3, 2, 75, 76, 1, 23, 22, 21, 25, 24, 46, 45, 44, 48, 47, 69, 68, 70, 67, 50, 49, 43, 42, 54, 53, 52, 55, 56, 51, 66, 65, 71, 72, 73, 64, 63, 62, 61, 57, 58, 59, 60, 41, 40, 39, 38, 34, 35, 36, 37, 18, 17, 16, 15, 74, 14, 13, 12, 11, 10, 9, 8, 7, 6, 5, 20, 19, 31, 30, 29, 32, 33, 28, 27, 26, 4]
  Najlepszy dystans: 109054.54999444551

Iteracja 79:
  Najlepsza trasa: [2, 3, 4, 5, 6, 8, 7, 9, 10, 11, 12, 13, 14, 74, 15, 16, 17, 18, 37, 36, 38, 39, 40, 41, 34, 35, 33, 32, 29, 30, 31, 19, 20, 26, 27, 28, 43, 42, 54, 53, 52, 55, 56, 57, 58, 59, 60, 61, 62, 63, 64, 73, 72, 71, 65, 66, 51, 49, 50, 67, 70, 68, 69, 47, 48, 44, 45, 46, 24, 25, 21, 22, 23, 1, 76, 75, 2]
  Najlepszy dystans: 108749.79216899745

Iteracja 80:
  Najlepsza trasa: [48, 44, 45, 46, 24, 25, 21, 22, 23, 1, 76, 75, 2, 3, 4, 6, 7, 8, 9, 10, 5, 20, 19, 31, 30, 29, 26, 27, 43, 28, 33, 32, 34, 35, 36, 18, 11, 12, 13, 14, 74, 15, 16, 17, 37, 38, 39, 40, 41, 60, 59, 58, 61, 62, 57, 63, 64, 73, 72, 71, 65, 66, 51, 56, 55, 52, 53, 42, 54, 49, 50, 67, 70, 68, 69, 47, 48]
  Najlepszy dystans: 109855.61031434617

Iteracja 81:
  Najlepsza trasa: [75, 2, 3, 4, 6, 7, 8, 9, 10, 5, 20, 19, 31, 30, 29, 26, 27, 28, 43, 42, 33, 32, 35, 36, 37, 18, 17, 11, 12, 13, 14, 74, 15, 16, 38, 39, 34, 40, 41, 60, 59, 58, 55, 56, 57, 61, 62, 63, 64, 73, 72, 71, 65, 66, 51, 52, 54, 53, 49, 50, 67, 70, 68, 69, 47, 48, 44, 45, 46, 24, 25, 21, 22, 23, 1, 76, 75]
  Najlepszy dystans: 110092.02183566564

Iteracja 82:
  Najlepsza trasa: [35, 33, 32, 29, 30, 31, 19, 20, 26, 27, 28, 43, 42, 54, 53, 52, 55, 56, 57, 58, 59, 60, 40, 41, 61, 62, 63, 64, 73, 72, 71, 65, 66, 51, 49, 50, 67, 70, 68, 69, 47, 48, 44, 45, 46, 24, 25, 21, 22, 23, 1, 76, 75, 2, 3, 4, 5, 6, 7, 8, 9, 10, 12, 13, 14, 74, 15, 16, 11, 17, 18, 37, 36, 38, 39, 34, 35]
  Najlepszy dystans: 108790.84635061589

Iteracja 83:
  Najlepsza trasa: [5, 20, 19, 31, 30, 29, 26, 27, 28, 33, 32, 35, 36, 37, 38, 39, 34, 40, 41, 60, 59, 58, 55, 56, 57, 61, 62, 63, 64, 73, 72, 71, 65, 66, 51, 52, 53, 54, 42, 43, 49, 50, 67, 70, 68, 69, 47, 48, 44, 45, 46, 24, 25, 21, 22, 23, 1, 76, 75, 2, 3, 4, 6, 7, 8, 74, 14, 13, 12, 15, 16, 18, 17, 11, 9, 10, 5]
  Najlepszy dystans: 110339.51711092329

Iteracja 84:
  Najlepsza trasa: [4, 30, 31, 19, 20, 5, 10, 9, 6, 7, 8, 74, 14, 13, 15, 16, 12, 11, 17, 18, 37, 36, 38, 39, 34, 35, 33, 32, 29, 26, 27, 28, 43, 42, 54, 53, 52, 55, 56, 57, 58, 59, 60, 40, 41, 61, 62, 63, 64, 73, 72, 71, 65, 66, 51, 49, 50, 67, 70, 68, 69, 47, 48, 44, 45, 46, 24, 25, 21, 22, 23, 1, 76, 75, 2, 3, 4]
  Najlepszy dystans: 109620.47637098133

Iteracja 85:
  Najlepsza trasa: [64, 73, 72, 71, 65, 66, 51, 49, 50, 67, 70, 68, 69, 47, 48, 44, 45, 46, 24, 25, 21, 22, 23, 1, 76, 75, 2, 8, 7, 6, 3, 4, 20, 5, 10, 9, 11, 12, 13, 14, 74, 15, 16, 17, 18, 37, 36, 38, 39, 41, 60, 59, 40, 34, 35, 33, 32, 19, 31, 30, 29, 26, 27, 28, 43, 42, 54, 53, 52, 55, 56, 57, 58, 61, 62, 63, 64]
  Najlepszy dystans: 109546.09472693675

Iteracja 86:
  Najlepsza trasa: [25, 24, 46, 45, 44, 48, 47, 69, 68, 70, 67, 50, 49, 43, 42, 54, 53, 52, 55, 56, 51, 66, 65, 71, 72, 73, 64, 63, 62, 61, 57, 58, 59, 60, 41, 40, 34, 33, 28, 27, 26, 20, 19, 31, 30, 29, 32, 35, 39, 38, 36, 37, 18, 17, 16, 15, 74, 14, 13, 12, 11, 10, 9, 8, 7, 6, 5, 4, 3, 2, 75, 76, 1, 23, 22, 21, 25]
  Najlepszy dystans: 109775.48201368764

Iteracja 87:
  Najlepsza trasa: [9, 12, 11, 17, 18, 16, 15, 13, 14, 74, 8, 7, 6, 5, 4, 3, 2, 75, 76, 1, 23, 22, 21, 25, 24, 46, 45, 44, 48, 47, 69, 68, 70, 67, 50, 49, 52, 53, 54, 42, 55, 56, 51, 66, 65, 71, 72, 73, 64, 63, 57, 58, 62, 61, 59, 60, 41, 40, 39, 38, 37, 36, 35, 34, 32, 33, 28, 43, 27, 26, 29, 30, 31, 19, 20, 10, 9]
  Najlepszy dystans: 109816.13266415185

Iteracja 88:
  Najlepsza trasa: [34, 35, 33, 32, 19, 31, 30, 29, 26, 27, 28, 43, 42, 54, 53, 52, 55, 56, 57, 58, 59, 60, 40, 41, 61, 62, 63, 64, 73, 72, 71, 65, 66, 51, 49, 50, 67, 70, 68, 69, 47, 48, 44, 45, 46, 24, 25, 21, 22, 23, 1, 76, 75, 2, 3, 4, 20, 5, 6, 7, 8, 9, 10, 11, 12, 13, 14, 74, 15, 16, 17, 18, 37, 36, 38, 39, 34]
  Najlepszy dystans: 108425.5325847847

Iteracja 89:
  Najlepsza trasa: [71, 65, 66, 51, 56, 55, 33, 32, 19, 31, 30, 29, 26, 27, 28, 43, 42, 54, 53, 52, 49, 50, 67, 70, 68, 69, 47, 48, 44, 45, 46, 24, 25, 21, 22, 23, 1, 76, 75, 2, 3, 4, 20, 5, 6, 7, 8, 9, 10, 11, 12, 13, 14, 74, 15, 16, 17, 18, 37, 36, 38, 39, 35, 34, 40, 41, 60, 59, 61, 62, 58, 57, 63, 64, 73, 72, 71]
  Najlepszy dystans: 109174.96734056887

Iteracja 90:
  Najlepsza trasa: [66, 65, 71, 72, 73, 64, 63, 62, 61, 41, 60, 59, 58, 57, 56, 55, 52, 53, 54, 42, 43, 28, 27, 26, 29, 30, 31, 19, 32, 33, 34, 40, 39, 38, 35, 36, 37, 18, 17, 16, 15, 74, 14, 13, 12, 11, 10, 9, 8, 7, 6, 5, 20, 4, 3, 2, 75, 76, 1, 23, 22, 21, 25, 24, 46, 45, 44, 48, 47, 69, 68, 70, 67, 50, 49, 51, 66]
  Najlepszy dystans: 108323.17512971976

Iteracja 91:
  Najlepsza trasa: [39, 60, 41, 40, 34, 35, 32, 33, 28, 29, 26, 27, 43, 42, 54, 53, 52, 55, 56, 57, 58, 59, 61, 62, 63, 64, 73, 72, 71, 65, 66, 51, 49, 50, 67, 70, 68, 69, 47, 48, 44, 45, 46, 24, 25, 21, 22, 23, 1, 76, 75, 2, 3, 4, 30, 31, 19, 20, 5, 6, 7, 8, 9, 10, 11, 12, 13, 14, 74, 15, 16, 17, 18, 37, 36, 38, 39]
  Najlepszy dystans: 108953.47664422133

Iteracja 92:
  Najlepsza trasa: [28, 43, 42, 54, 53, 52, 55, 56, 58, 59, 60, 61, 62, 57, 63, 64, 73, 72, 71, 65, 66, 51, 49, 50, 67, 70, 68, 69, 47, 48, 44, 45, 46, 24, 25, 21, 22, 23, 1, 76, 75, 2, 3, 4, 31, 19, 20, 5, 6, 7, 8, 9, 10, 11, 12, 13, 14, 74, 15, 16, 17, 18, 37, 36, 38, 39, 41, 40, 34, 35, 33, 32, 29, 30, 26, 27, 28]
  Najlepszy dystans: 109316.89081372769

Iteracja 93:
  Najlepsza trasa: [75, 2, 3, 4, 20, 19, 5, 6, 7, 8, 9, 10, 11, 12, 13, 14, 74, 15, 16, 17, 18, 37, 36, 35, 38, 39, 34, 33, 32, 31, 30, 29, 26, 27, 28, 43, 42, 54, 53, 52, 49, 50, 51, 66, 65, 56, 55, 57, 58, 59, 60, 40, 41, 61, 62, 63, 64, 73, 72, 71, 70, 67, 68, 69, 47, 48, 44, 45, 46, 24, 25, 21, 22, 23, 1, 76, 75]
  Najlepszy dystans: 110310.72577879335

Iteracja 94:
  Najlepsza trasa: [53, 52, 49, 50, 67, 70, 68, 69, 47, 48, 44, 45, 46, 24, 25, 21, 22, 23, 1, 76, 75, 2, 3, 4, 6, 7, 8, 9, 10, 5, 20, 19, 31, 30, 29, 26, 27, 28, 43, 42, 33, 32, 35, 36, 37, 18, 17, 11, 12, 13, 14, 74, 15, 16, 38, 39, 34, 40, 41, 60, 59, 61, 62, 58, 57, 63, 64, 73, 72, 71, 65, 66, 51, 56, 55, 54, 53]
  Najlepszy dystans: 109465.47697013542

Iteracja 95:
  Najlepsza trasa: [58, 57, 63, 64, 73, 72, 71, 65, 66, 51, 56, 55, 42, 54, 53, 52, 49, 50, 67, 70, 68, 69, 47, 48, 44, 45, 46, 24, 25, 21, 22, 23, 1, 76, 75, 2, 3, 4, 5, 6, 7, 8, 9, 10, 11, 12, 13, 14, 74, 15, 16, 17, 18, 37, 36, 35, 32, 29, 30, 31, 19, 20, 26, 27, 43, 28, 33, 34, 38, 39, 40, 41, 60, 59, 61, 62, 58]
  Najlepszy dystans: 109896.50032029662

Iteracja 96:
  Najlepsza trasa: [57, 63, 64, 73, 72, 71, 65, 66, 51, 56, 55, 52, 53, 54, 42, 43, 49, 50, 67, 70, 68, 69, 47, 48, 44, 45, 46, 24, 25, 21, 22, 23, 1, 76, 75, 2, 3, 4, 5, 6, 7, 8, 9, 10, 11, 12, 13, 14, 74, 15, 16, 17, 18, 37, 36, 38, 39, 35, 32, 29, 30, 31, 19, 20, 26, 27, 28, 33, 34, 40, 41, 60, 59, 61, 62, 58, 57]
  Najlepszy dystans: 109770.23962469406

Iteracja 97:
  Najlepsza trasa: [25, 24, 46, 45, 44, 48, 47, 69, 68, 70, 67, 50, 49, 51, 66, 65, 71, 72, 73, 64, 63, 57, 62, 61, 59, 58, 56, 55, 52, 53, 54, 42, 43, 28, 27, 26, 20, 19, 31, 30, 29, 32, 33, 35, 34, 40, 41, 60, 39, 38, 36, 37, 18, 17, 16, 15, 74, 14, 13, 12, 11, 10, 9, 8, 7, 6, 5, 4, 3, 2, 75, 76, 1, 23, 22, 21, 25]
  Najlepszy dystans: 108956.3151063305

Iteracja 98:
  Najlepsza trasa: [16, 15, 74, 14, 13, 12, 11, 10, 9, 8, 7, 6, 5, 20, 4, 3, 2, 75, 76, 1, 23, 22, 21, 25, 24, 46, 45, 44, 48, 47, 69, 68, 70, 67, 50, 49, 51, 66, 65, 71, 72, 73, 64, 63, 62, 61, 41, 40, 60, 59, 58, 57, 56, 55, 52, 53, 54, 42, 43, 28, 27, 26, 29, 30, 31, 19, 32, 33, 34, 35, 39, 38, 36, 37, 18, 17, 16]
  Najlepszy dystans: 108428.00271911648

Iteracja 99:
  Najlepsza trasa: [36, 35, 32, 33, 28, 27, 26, 29, 30, 31, 19, 20, 5, 10, 9, 8, 7, 6, 4, 3, 2, 75, 76, 1, 23, 22, 21, 25, 24, 46, 45, 44, 48, 47, 69, 68, 70, 67, 50, 49, 43, 42, 54, 53, 52, 55, 56, 51, 66, 65, 71, 72, 73, 64, 63, 57, 62, 61, 58, 59, 60, 41, 40, 34, 39, 38, 16, 15, 74, 14, 13, 12, 11, 17, 18, 37, 36]
  Najlepszy dystans: 109160.65228856418

Iteracja 100:
  Najlepsza trasa: [19, 20, 5, 4, 3, 2, 75, 76, 1, 23, 22, 21, 25, 24, 46, 45, 44, 48, 47, 69, 68, 70, 67, 50, 49, 43, 42, 54, 53, 52, 51, 66, 65, 71, 72, 73, 64, 63, 57, 56, 55, 58, 62, 61, 59, 60, 41, 40, 34, 39, 38, 16, 15, 12, 13, 14, 74, 8, 7, 6, 9, 10, 11, 17, 18, 37, 36, 35, 32, 33, 28, 27, 26, 29, 30, 31, 19]
  Najlepszy dystans: 110678.09258004885

Najlepsze rozwi¹zanie z 100 iteracji:
  Najlepsza trasa: [3, 4, 5, 6, 7, 8, 9, 10, 11, 12, 13, 14, 74, 15, 16, 17, 18, 37, 36, 38, 39, 41, 40, 34, 35, 33, 32, 29, 30, 31, 19, 20, 26, 27, 28, 43, 42, 54, 53, 52, 55, 56, 57, 58, 59, 60, 61, 62, 63, 64, 73, 72, 71, 65, 66, 51, 49, 50, 67, 70, 68, 69, 47, 48, 44, 45, 46, 24, 25, 21, 22, 23, 1, 76, 75, 2, 3]
  Najlepszy dystans: 108275.08661343083
Œrednia wartoœæ dystansu z 100 iteracji: 109480.85
Czas dzia³ania algorytmu: 4204.81 sekund
