
Wyniki symulowanego wy¿arzania
Metoda ruchu: two_opt
Liczba epok: 800
Temperatura pocz¹tkowa: 10000
Sch³adzanie: 0.99
Liczba prób: 1000
Liczba iteracji: 10

Iteracja 1:
  Najlepsza trasa: [12, 9, 10, 5, 20, 19, 31, 30, 29, 32, 33, 28, 27, 26, 4, 3, 6, 7, 8, 2, 75, 76, 1, 23, 22, 21, 25, 24, 46, 45, 44, 48, 47, 69, 68, 70, 67, 50, 49, 43, 42, 54, 53, 52, 51, 66, 65, 71, 72, 73, 64, 63, 57, 56, 55, 58, 62, 61, 59, 60, 41, 40, 39, 38, 34, 35, 36, 37, 18, 17, 11, 16, 15, 74, 14, 13, 12]
  Najlepszy dystans: 110451.57739479814

Iteracja 2:
  Najlepsza trasa: [56, 58, 59, 60, 61, 62, 57, 63, 64, 73, 72, 71, 65, 66, 51, 49, 50, 67, 70, 68, 69, 47, 48, 44, 45, 46, 24, 25, 21, 22, 23, 1, 76, 75, 2, 3, 4, 5, 6, 7, 8, 9, 10, 11, 12, 13, 14, 74, 15, 16, 17, 18, 37, 36, 35, 38, 39, 41, 40, 34, 33, 32, 29, 30, 31, 19, 20, 26, 27, 28, 43, 42, 54, 53, 52, 55, 56]
  Najlepszy dystans: 108804.13723484411

Iteracja 3:
  Najlepsza trasa: [48, 44, 45, 46, 24, 25, 21, 22, 23, 1, 76, 75, 2, 3, 4, 30, 31, 19, 20, 5, 6, 7, 8, 9, 10, 11, 12, 13, 14, 74, 15, 16, 17, 18, 37, 36, 38, 39, 40, 41, 34, 35, 33, 32, 29, 26, 27, 28, 43, 42, 54, 53, 52, 55, 56, 57, 58, 59, 60, 61, 62, 63, 64, 73, 72, 71, 65, 66, 51, 49, 50, 67, 70, 68, 69, 47, 48]
  Najlepszy dystans: 108679.29723076386

Iteracja 4:
  Najlepsza trasa: [53, 54, 42, 43, 28, 27, 26, 20, 19, 31, 30, 29, 32, 33, 34, 40, 39, 38, 35, 36, 37, 18, 17, 16, 15, 74, 14, 13, 12, 11, 10, 9, 8, 7, 6, 5, 4, 3, 2, 75, 76, 1, 23, 22, 21, 25, 24, 46, 45, 44, 48, 47, 69, 68, 70, 67, 50, 49, 51, 66, 65, 71, 72, 73, 64, 63, 62, 61, 41, 60, 59, 58, 57, 56, 55, 52, 53]
  Najlepszy dystans: 108202.15682311075

Iteracja 5:
  Najlepsza trasa: [33, 32, 19, 31, 30, 29, 26, 27, 49, 50, 67, 70, 68, 69, 47, 48, 44, 45, 46, 24, 25, 21, 22, 23, 1, 76, 75, 2, 3, 4, 20, 5, 6, 7, 8, 9, 10, 11, 12, 13, 14, 74, 15, 16, 17, 18, 37, 36, 38, 39, 35, 34, 40, 41, 60, 59, 61, 62, 58, 57, 63, 64, 73, 72, 71, 65, 66, 51, 56, 55, 52, 53, 54, 42, 43, 28, 33]
  Najlepszy dystans: 109165.0835230674

Iteracja 6:
  Najlepsza trasa: [70, 67, 50, 49, 43, 42, 54, 53, 52, 55, 56, 51, 66, 65, 71, 72, 73, 64, 63, 57, 58, 62, 61, 59, 60, 41, 40, 39, 38, 16, 15, 74, 14, 13, 12, 11, 17, 18, 37, 36, 35, 34, 32, 33, 28, 27, 26, 29, 30, 31, 19, 20, 5, 10, 9, 8, 7, 6, 4, 3, 2, 75, 76, 1, 23, 22, 21, 25, 24, 46, 45, 44, 48, 47, 69, 68, 70]
  Najlepszy dystans: 109086.64669021676

Iteracja 7:
  Najlepsza trasa: [61, 62, 63, 64, 73, 72, 71, 65, 66, 51, 56, 57, 58, 55, 52, 49, 50, 67, 70, 68, 69, 47, 48, 44, 45, 46, 24, 25, 21, 22, 23, 1, 76, 75, 2, 3, 4, 26, 27, 53, 54, 42, 43, 28, 33, 32, 29, 30, 31, 19, 20, 5, 6, 7, 8, 9, 10, 11, 12, 13, 14, 74, 15, 16, 17, 18, 37, 36, 35, 38, 39, 34, 40, 41, 60, 59, 61]
  Najlepszy dystans: 110294.26349094948

Iteracja 8:
  Najlepsza trasa: [71, 65, 66, 51, 56, 55, 54, 53, 52, 49, 50, 67, 70, 68, 69, 47, 48, 44, 45, 46, 24, 25, 21, 22, 23, 1, 76, 75, 2, 3, 4, 6, 7, 8, 9, 10, 5, 20, 19, 31, 30, 29, 26, 27, 28, 43, 42, 33, 32, 34, 35, 36, 37, 18, 17, 11, 12, 13, 14, 74, 15, 16, 38, 39, 40, 41, 60, 59, 61, 62, 58, 57, 63, 64, 73, 72, 71]
  Najlepszy dystans: 109431.71978642925

Iteracja 9:
  Najlepsza trasa: [60, 41, 61, 62, 63, 64, 73, 72, 71, 65, 66, 51, 49, 50, 67, 70, 68, 69, 47, 48, 44, 45, 46, 24, 25, 21, 22, 23, 1, 76, 75, 2, 3, 4, 30, 31, 19, 20, 5, 6, 7, 8, 9, 10, 12, 13, 14, 74, 15, 16, 11, 17, 18, 37, 36, 38, 39, 40, 34, 35, 33, 32, 29, 26, 27, 28, 43, 42, 54, 53, 52, 55, 56, 57, 58, 59, 60]
  Najlepszy dystans: 108930.37923167725

Iteracja 10:
  Najlepsza trasa: [74, 14, 13, 12, 11, 10, 9, 8, 7, 6, 5, 20, 19, 31, 30, 4, 3, 2, 75, 76, 1, 23, 22, 21, 25, 24, 46, 45, 44, 48, 47, 69, 68, 70, 67, 50, 49, 51, 66, 65, 71, 72, 73, 64, 63, 62, 61, 41, 40, 60, 59, 58, 57, 56, 55, 52, 53, 54, 42, 43, 28, 27, 26, 29, 32, 33, 35, 34, 39, 38, 36, 37, 18, 17, 16, 15, 74]
  Najlepszy dystans: 108589.12316327513

Najlepsze rozwi¹zanie z 10 iteracji:
  Najlepsza trasa: [53, 54, 42, 43, 28, 27, 26, 20, 19, 31, 30, 29, 32, 33, 34, 40, 39, 38, 35, 36, 37, 18, 17, 16, 15, 74, 14, 13, 12, 11, 10, 9, 8, 7, 6, 5, 4, 3, 2, 75, 76, 1, 23, 22, 21, 25, 24, 46, 45, 44, 48, 47, 69, 68, 70, 67, 50, 49, 51, 66, 65, 71, 72, 73, 64, 63, 62, 61, 41, 60, 59, 58, 57, 56, 55, 52, 53]
  Najlepszy dystans: 108202.15682311075
Œrednia wartoœæ dystansu z 10 iteracji: 109163.44
Czas dzia³ania algorytmu: 414.70 sekund
