
Wyniki symulowanego wy¿arzania
Metoda ruchu: two_opt
Liczba epok: 800
Temperatura pocz¹tkowa: 10000
Sch³adzanie: 0.99
Liczba prób: 1000
Liczba iteracji: 50

Iteracja 1:
  Najlepsza trasa: [123, 97, 98, 32, 29, 28, 122, 33, 25, 26, 38, 39, 42, 40, 43, 34, 30, 27, 31, 12, 14, 41, 36, 37, 35, 44, 103, 45, 54, 57, 121, 51, 2, 16, 1, 7, 105, 114, 6, 106, 15, 108, 20, 17, 21, 18, 77, 79, 80, 78, 76, 75, 117, 84, 81, 126, 82, 83, 101, 102, 63, 119, 96, 109, 88, 87, 86, 85, 110, 71, 70, 69, 68, 74, 73, 67, 8, 72, 19, 22, 4, 23, 24, 9, 11, 3, 90, 116, 60, 61, 91, 62, 59, 104, 125, 89, 92, 99, 65, 113, 64, 58, 100, 10, 120, 13, 115, 50, 5, 56, 52, 124, 66, 55, 47, 49, 53, 48, 118, 46, 94, 112, 111, 107, 127, 93, 95, 123]
  Najlepszy dystans: 121157.58206077667

Iteracja 2:
  Najlepsza trasa: [2, 16, 1, 7, 105, 114, 6, 106, 15, 12, 31, 27, 30, 14, 41, 36, 37, 35, 40, 43, 34, 42, 39, 38, 26, 25, 33, 122, 28, 29, 32, 98, 97, 123, 95, 93, 127, 107, 111, 112, 94, 46, 118, 48, 53, 49, 47, 55, 66, 113, 65, 99, 92, 89, 125, 104, 110, 85, 86, 87, 88, 109, 96, 119, 63, 102, 101, 83, 82, 126, 81, 84, 117, 78, 80, 79, 76, 75, 69, 70, 71, 68, 67, 73, 74, 77, 18, 72, 8, 19, 21, 17, 20, 108, 22, 4, 23, 24, 9, 11, 3, 90, 116, 60, 59, 62, 61, 91, 58, 64, 100, 10, 120, 13, 115, 50, 5, 52, 124, 56, 121, 57, 54, 45, 103, 44, 51, 2]
  Najlepszy dystans: 119690.17273943611

Iteracja 3:
  Najlepsza trasa: [117, 76, 78, 80, 79, 77, 18, 74, 73, 67, 8, 72, 19, 21, 17, 22, 4, 23, 24, 9, 11, 114, 105, 15, 106, 6, 108, 20, 12, 14, 41, 30, 31, 27, 26, 25, 33, 29, 32, 122, 28, 38, 39, 42, 34, 43, 40, 36, 37, 35, 44, 103, 45, 54, 57, 56, 124, 52, 5, 121, 51, 2, 16, 1, 7, 120, 13, 50, 115, 10, 3, 90, 116, 60, 59, 62, 61, 91, 100, 58, 64, 113, 125, 104, 89, 92, 99, 65, 66, 55, 47, 49, 53, 48, 118, 46, 94, 112, 111, 107, 127, 93, 95, 123, 97, 98, 101, 102, 63, 119, 96, 109, 88, 87, 86, 85, 110, 71, 68, 70, 69, 75, 82, 83, 126, 81, 84, 117]
  Najlepszy dystans: 121468.41978201765

Iteracja 4:
  Najlepsza trasa: [111, 107, 127, 93, 95, 123, 98, 97, 28, 122, 32, 29, 33, 25, 26, 38, 39, 42, 34, 43, 30, 41, 14, 12, 31, 27, 80, 79, 77, 18, 21, 17, 20, 108, 15, 106, 6, 114, 105, 7, 1, 16, 2, 37, 36, 35, 40, 44, 103, 45, 54, 57, 51, 121, 56, 124, 52, 5, 50, 115, 13, 120, 10, 100, 64, 58, 91, 61, 62, 59, 60, 116, 90, 3, 11, 9, 24, 23, 4, 22, 19, 72, 8, 67, 73, 74, 68, 71, 70, 69, 75, 76, 78, 117, 84, 81, 126, 82, 83, 101, 102, 63, 119, 96, 109, 88, 87, 86, 85, 110, 104, 125, 89, 92, 99, 65, 113, 66, 55, 47, 49, 53, 48, 118, 46, 94, 112, 111]
  Najlepszy dystans: 118709.83871506609

Iteracja 5:
  Najlepsza trasa: [55, 124, 52, 5, 56, 121, 50, 115, 13, 120, 10, 3, 100, 64, 58, 91, 61, 62, 59, 60, 116, 90, 9, 11, 114, 105, 7, 1, 16, 41, 14, 12, 79, 80, 31, 27, 30, 26, 25, 33, 29, 32, 122, 28, 38, 39, 42, 34, 43, 40, 35, 36, 37, 2, 51, 57, 54, 44, 103, 45, 48, 118, 53, 47, 49, 46, 94, 112, 111, 107, 127, 93, 95, 123, 97, 98, 101, 102, 83, 82, 126, 81, 84, 117, 78, 76, 77, 18, 21, 17, 20, 108, 15, 106, 6, 24, 23, 4, 22, 19, 72, 8, 67, 73, 74, 68, 71, 70, 69, 75, 63, 119, 96, 109, 88, 87, 86, 85, 110, 104, 125, 89, 92, 99, 65, 113, 66, 55]
  Najlepszy dystans: 121066.49875061696

Iteracja 6:
  Najlepsza trasa: [42, 34, 43, 40, 36, 37, 35, 44, 103, 45, 54, 57, 121, 51, 2, 50, 13, 115, 10, 100, 64, 58, 91, 61, 62, 59, 60, 116, 90, 3, 120, 7, 1, 16, 12, 14, 41, 30, 26, 27, 31, 80, 79, 77, 18, 21, 17, 20, 108, 6, 106, 15, 105, 114, 11, 9, 24, 23, 4, 22, 19, 72, 8, 67, 73, 74, 68, 71, 70, 69, 75, 76, 78, 117, 84, 81, 126, 82, 83, 101, 102, 63, 119, 96, 109, 88, 87, 86, 85, 110, 104, 125, 89, 92, 99, 65, 113, 66, 55, 124, 52, 5, 56, 47, 49, 53, 48, 118, 46, 94, 112, 111, 107, 127, 93, 95, 123, 98, 97, 28, 122, 32, 29, 33, 25, 38, 39, 42]
  Najlepszy dystans: 119504.94533379831

Iteracja 7:
  Najlepsza trasa: [81, 84, 117, 78, 76, 75, 69, 70, 71, 68, 74, 73, 67, 8, 72, 19, 23, 24, 9, 11, 3, 90, 116, 60, 59, 62, 61, 91, 58, 64, 100, 10, 115, 13, 120, 114, 105, 15, 106, 6, 108, 20, 4, 22, 17, 21, 18, 77, 79, 80, 27, 31, 12, 14, 30, 41, 36, 35, 37, 16, 1, 7, 2, 51, 50, 5, 52, 124, 56, 121, 57, 54, 45, 103, 44, 40, 43, 34, 42, 39, 38, 26, 25, 33, 29, 32, 122, 28, 123, 97, 98, 127, 95, 93, 94, 107, 111, 112, 46, 118, 48, 53, 49, 47, 55, 66, 113, 65, 99, 92, 89, 125, 104, 110, 85, 86, 87, 88, 109, 96, 119, 63, 102, 101, 83, 82, 126, 81]
  Najlepszy dystans: 123375.02472031309

Iteracja 8:
  Najlepsza trasa: [71, 68, 74, 73, 67, 8, 72, 19, 22, 4, 23, 24, 9, 11, 3, 90, 116, 60, 59, 62, 61, 91, 58, 64, 100, 10, 120, 13, 115, 50, 2, 51, 121, 5, 52, 124, 56, 57, 54, 45, 103, 44, 40, 35, 36, 37, 16, 1, 7, 105, 114, 6, 106, 15, 108, 20, 17, 21, 18, 77, 79, 80, 27, 31, 12, 14, 41, 30, 43, 34, 42, 39, 38, 26, 25, 33, 122, 28, 29, 32, 98, 97, 123, 95, 93, 127, 107, 111, 112, 94, 46, 118, 48, 53, 49, 47, 55, 66, 113, 65, 99, 92, 89, 125, 104, 110, 85, 86, 87, 88, 109, 96, 119, 63, 102, 101, 83, 82, 126, 81, 84, 117, 78, 76, 75, 69, 70, 71]
  Najlepszy dystans: 118475.22696131225

Iteracja 9:
  Najlepsza trasa: [30, 34, 43, 40, 42, 39, 38, 28, 122, 32, 29, 33, 25, 26, 27, 31, 12, 14, 16, 1, 105, 114, 7, 120, 13, 115, 10, 3, 11, 9, 6, 106, 15, 20, 108, 24, 23, 8, 72, 19, 4, 22, 17, 21, 18, 77, 79, 80, 78, 117, 83, 82, 126, 81, 84, 76, 75, 69, 70, 71, 68, 74, 73, 67, 59, 62, 60, 116, 90, 61, 91, 100, 58, 64, 113, 65, 99, 92, 89, 125, 104, 110, 85, 86, 87, 88, 109, 96, 119, 63, 102, 101, 98, 97, 123, 95, 93, 127, 107, 111, 112, 94, 46, 118, 48, 53, 49, 47, 55, 66, 124, 52, 5, 56, 121, 57, 54, 45, 103, 44, 51, 50, 2, 35, 37, 36, 41, 30]
  Najlepszy dystans: 122214.63904169294

Iteracja 10:
  Najlepsza trasa: [88, 87, 86, 85, 110, 71, 67, 73, 74, 68, 70, 69, 75, 76, 84, 81, 117, 78, 80, 79, 77, 18, 72, 8, 19, 23, 4, 22, 21, 17, 20, 108, 24, 9, 11, 114, 6, 106, 15, 105, 7, 1, 16, 12, 14, 41, 30, 31, 27, 26, 25, 33, 29, 32, 122, 28, 38, 39, 42, 34, 43, 40, 36, 37, 35, 44, 103, 45, 54, 57, 121, 56, 124, 52, 5, 51, 2, 50, 115, 13, 120, 10, 3, 100, 64, 58, 91, 61, 90, 116, 60, 62, 59, 104, 125, 89, 92, 99, 65, 113, 66, 55, 47, 49, 53, 48, 118, 46, 94, 112, 111, 107, 127, 93, 95, 123, 97, 98, 101, 102, 83, 82, 126, 63, 119, 96, 109, 88]
  Najlepszy dystans: 121366.9599908046

Iteracja 11:
  Najlepsza trasa: [79, 77, 18, 21, 17, 20, 108, 15, 106, 6, 114, 105, 7, 1, 16, 37, 35, 36, 41, 14, 12, 31, 27, 26, 25, 33, 29, 32, 122, 28, 38, 39, 42, 34, 30, 43, 40, 44, 103, 45, 54, 57, 51, 2, 50, 115, 13, 120, 10, 100, 64, 58, 91, 61, 62, 59, 60, 116, 90, 3, 11, 9, 24, 23, 4, 22, 19, 72, 8, 67, 73, 74, 68, 71, 70, 69, 75, 63, 119, 96, 109, 88, 87, 86, 85, 110, 104, 125, 89, 92, 99, 65, 113, 66, 55, 124, 52, 5, 121, 56, 47, 49, 53, 48, 118, 46, 94, 112, 111, 107, 127, 93, 95, 123, 97, 98, 101, 102, 83, 82, 126, 81, 84, 117, 76, 78, 80, 79]
  Najlepszy dystans: 120135.61673028833

Iteracja 12:
  Najlepsza trasa: [120, 10, 115, 13, 50, 51, 2, 1, 16, 14, 12, 30, 41, 36, 37, 35, 40, 43, 34, 42, 39, 38, 28, 122, 32, 29, 33, 25, 26, 27, 31, 79, 80, 78, 117, 83, 82, 126, 81, 84, 76, 75, 69, 70, 68, 71, 110, 85, 86, 87, 88, 109, 96, 119, 63, 102, 101, 98, 97, 123, 95, 93, 127, 107, 111, 112, 94, 46, 118, 49, 47, 53, 48, 45, 103, 44, 54, 57, 121, 56, 5, 52, 124, 55, 66, 113, 65, 99, 92, 89, 125, 104, 59, 62, 60, 116, 90, 61, 91, 58, 64, 100, 3, 11, 9, 24, 23, 4, 22, 19, 72, 8, 67, 73, 74, 77, 18, 21, 17, 20, 108, 15, 106, 6, 114, 105, 7, 120]
  Najlepszy dystans: 121019.29899970899

Iteracja 13:
  Najlepsza trasa: [66, 100, 10, 120, 7, 13, 115, 50, 5, 52, 124, 56, 121, 57, 54, 45, 103, 44, 51, 2, 1, 16, 37, 36, 35, 40, 43, 34, 42, 39, 38, 30, 41, 14, 12, 20, 17, 21, 22, 4, 108, 15, 105, 114, 106, 6, 24, 23, 19, 72, 8, 9, 11, 3, 90, 116, 60, 59, 62, 61, 91, 58, 64, 113, 65, 99, 92, 89, 125, 104, 110, 85, 86, 87, 88, 109, 96, 119, 63, 102, 101, 83, 82, 126, 81, 84, 117, 78, 76, 75, 69, 70, 71, 68, 67, 73, 74, 18, 77, 79, 80, 31, 27, 26, 25, 33, 122, 28, 29, 32, 98, 97, 123, 95, 93, 127, 107, 111, 112, 94, 46, 118, 48, 53, 49, 47, 55, 66]
  Najlepszy dystans: 121093.85607936162

Iteracja 14:
  Najlepsza trasa: [13, 115, 50, 5, 52, 124, 56, 121, 57, 54, 45, 103, 44, 51, 2, 7, 1, 16, 37, 36, 35, 40, 43, 34, 42, 39, 38, 28, 122, 32, 29, 33, 25, 26, 27, 30, 41, 14, 12, 31, 80, 79, 77, 18, 21, 17, 22, 20, 108, 6, 106, 15, 105, 114, 11, 9, 24, 23, 4, 19, 72, 8, 67, 73, 74, 76, 78, 117, 84, 81, 126, 83, 82, 75, 69, 70, 68, 71, 110, 85, 86, 87, 88, 109, 96, 119, 63, 102, 101, 98, 97, 123, 95, 93, 127, 107, 111, 112, 94, 46, 118, 48, 53, 49, 47, 55, 66, 113, 65, 99, 92, 89, 125, 104, 59, 62, 60, 116, 90, 61, 91, 58, 64, 100, 3, 10, 120, 13]
  Najlepszy dystans: 120971.97259537353

Iteracja 15:
  Najlepsza trasa: [46, 118, 48, 53, 49, 47, 55, 66, 124, 52, 5, 56, 121, 57, 54, 45, 103, 44, 40, 43, 34, 42, 39, 38, 28, 122, 32, 29, 33, 25, 26, 27, 31, 30, 41, 36, 35, 37, 14, 12, 20, 17, 21, 18, 77, 79, 80, 78, 76, 117, 84, 81, 75, 69, 70, 71, 68, 74, 73, 67, 8, 72, 19, 22, 4, 23, 24, 108, 15, 106, 6, 9, 11, 114, 105, 7, 1, 16, 2, 51, 50, 115, 13, 120, 10, 3, 90, 116, 60, 59, 62, 61, 91, 100, 58, 64, 113, 65, 99, 92, 89, 125, 104, 110, 85, 86, 87, 88, 109, 96, 119, 63, 126, 82, 83, 102, 101, 98, 97, 123, 95, 93, 127, 107, 111, 112, 94, 46]
  Najlepszy dystans: 120293.9702335852

Iteracja 16:
  Najlepsza trasa: [119, 96, 109, 88, 87, 86, 85, 110, 104, 125, 89, 92, 99, 65, 113, 64, 58, 100, 91, 61, 62, 59, 60, 116, 90, 3, 10, 115, 13, 120, 7, 105, 114, 11, 9, 24, 108, 6, 106, 15, 20, 17, 21, 22, 4, 23, 19, 72, 8, 67, 73, 74, 68, 71, 70, 69, 75, 82, 83, 126, 81, 84, 117, 78, 76, 77, 18, 79, 80, 32, 29, 28, 122, 33, 25, 26, 38, 39, 42, 34, 43, 40, 35, 37, 36, 41, 30, 27, 31, 12, 14, 16, 1, 2, 51, 50, 5, 121, 57, 44, 103, 45, 54, 56, 52, 124, 66, 55, 47, 49, 53, 48, 118, 46, 94, 112, 111, 107, 127, 93, 95, 123, 97, 98, 101, 102, 63, 119]
  Najlepszy dystans: 120964.92363744603

Iteracja 17:
  Najlepsza trasa: [94, 112, 111, 107, 127, 98, 97, 123, 95, 93, 103, 45, 44, 54, 57, 121, 56, 124, 52, 5, 50, 51, 2, 1, 16, 14, 12, 30, 41, 36, 37, 35, 40, 43, 34, 42, 39, 38, 28, 122, 32, 29, 33, 25, 26, 27, 31, 80, 79, 77, 18, 21, 17, 20, 108, 15, 106, 6, 114, 105, 7, 120, 13, 115, 10, 100, 64, 58, 91, 61, 62, 59, 60, 116, 90, 3, 11, 9, 24, 23, 4, 22, 19, 72, 8, 67, 73, 74, 68, 71, 70, 69, 75, 76, 78, 117, 84, 81, 126, 82, 83, 101, 102, 63, 119, 96, 109, 88, 87, 86, 85, 110, 104, 125, 89, 92, 99, 65, 113, 66, 55, 47, 49, 53, 48, 118, 46, 94]
  Najlepszy dystans: 119217.17947959824

Iteracja 18:
  Najlepsza trasa: [88, 109, 96, 119, 63, 75, 69, 70, 71, 68, 74, 73, 67, 59, 62, 60, 116, 90, 61, 91, 58, 64, 100, 3, 11, 9, 8, 72, 19, 23, 24, 4, 22, 21, 17, 20, 108, 15, 106, 6, 114, 105, 16, 1, 7, 120, 10, 115, 13, 50, 2, 51, 57, 54, 45, 103, 44, 40, 35, 37, 36, 41, 14, 12, 30, 43, 34, 42, 39, 38, 28, 122, 32, 29, 33, 25, 26, 27, 31, 80, 79, 18, 77, 76, 78, 117, 84, 81, 126, 82, 83, 102, 101, 98, 97, 123, 95, 93, 127, 107, 111, 112, 94, 46, 118, 48, 53, 49, 47, 56, 121, 5, 52, 124, 55, 66, 113, 65, 99, 92, 89, 125, 104, 110, 85, 86, 87, 88]
  Najlepszy dystans: 120569.02456308142

Iteracja 19:
  Najlepsza trasa: [92, 89, 104, 125, 113, 64, 58, 100, 91, 61, 62, 59, 60, 116, 90, 3, 10, 120, 7, 13, 115, 50, 51, 2, 1, 16, 37, 36, 35, 40, 43, 34, 42, 39, 38, 28, 122, 32, 29, 33, 25, 26, 27, 31, 30, 41, 14, 12, 20, 108, 6, 106, 15, 105, 114, 11, 9, 24, 23, 4, 22, 17, 21, 19, 72, 8, 67, 73, 68, 74, 18, 77, 79, 80, 78, 117, 81, 84, 76, 75, 69, 70, 71, 110, 85, 86, 87, 88, 109, 96, 119, 63, 126, 82, 83, 102, 101, 98, 97, 123, 95, 93, 127, 107, 111, 112, 94, 46, 118, 49, 47, 53, 48, 45, 103, 44, 54, 57, 121, 56, 5, 52, 124, 55, 66, 65, 99, 92]
  Najlepszy dystans: 122056.79279397594

Iteracja 20:
  Najlepsza trasa: [74, 77, 18, 72, 8, 19, 21, 17, 22, 4, 23, 24, 9, 11, 114, 105, 15, 106, 6, 108, 20, 12, 14, 30, 41, 36, 37, 16, 1, 7, 120, 3, 90, 116, 60, 59, 62, 61, 91, 58, 64, 100, 10, 115, 13, 50, 2, 51, 121, 5, 52, 124, 55, 66, 113, 65, 99, 92, 89, 125, 104, 110, 85, 86, 87, 88, 109, 96, 119, 63, 102, 101, 98, 97, 123, 95, 93, 127, 107, 111, 112, 94, 46, 118, 48, 53, 49, 47, 56, 57, 54, 45, 103, 44, 35, 40, 43, 34, 42, 39, 38, 28, 122, 32, 29, 33, 25, 26, 27, 31, 80, 79, 76, 78, 117, 84, 81, 126, 83, 82, 75, 69, 70, 71, 68, 67, 73, 74]
  Najlepszy dystans: 121005.12699822447

Iteracja 21:
  Najlepsza trasa: [59, 62, 60, 116, 90, 61, 91, 58, 64, 100, 3, 10, 115, 13, 120, 114, 11, 9, 24, 23, 4, 22, 19, 72, 8, 67, 73, 74, 68, 76, 75, 69, 70, 71, 110, 85, 86, 87, 88, 109, 96, 119, 63, 102, 101, 83, 82, 126, 81, 84, 117, 78, 80, 79, 77, 18, 21, 17, 20, 108, 6, 106, 15, 105, 7, 1, 16, 2, 51, 50, 5, 52, 124, 56, 121, 57, 54, 45, 103, 44, 40, 35, 37, 36, 41, 14, 12, 31, 27, 30, 43, 34, 42, 39, 38, 26, 25, 33, 122, 28, 29, 32, 98, 97, 123, 95, 93, 127, 107, 111, 112, 94, 46, 118, 48, 53, 49, 47, 55, 66, 113, 65, 99, 92, 89, 125, 104, 59]
  Najlepszy dystans: 119704.14632935217

Iteracja 22:
  Najlepsza trasa: [112, 94, 46, 118, 48, 53, 49, 47, 55, 66, 124, 52, 5, 56, 121, 57, 54, 45, 103, 44, 51, 2, 37, 36, 35, 40, 43, 34, 42, 39, 38, 28, 122, 32, 29, 33, 25, 26, 27, 31, 30, 41, 14, 12, 16, 1, 7, 120, 13, 50, 115, 10, 3, 9, 11, 114, 105, 15, 106, 6, 108, 20, 17, 21, 22, 4, 24, 23, 19, 8, 72, 18, 77, 79, 80, 78, 117, 81, 84, 76, 75, 69, 70, 71, 68, 74, 73, 67, 116, 90, 60, 59, 62, 61, 91, 100, 58, 64, 113, 65, 99, 92, 89, 125, 104, 110, 85, 86, 87, 88, 109, 96, 119, 63, 126, 82, 83, 102, 101, 98, 97, 123, 95, 93, 127, 107, 111, 112]
  Najlepszy dystans: 121149.97833116513

Iteracja 23:
  Najlepsza trasa: [125, 104, 59, 62, 60, 116, 90, 61, 91, 58, 64, 100, 3, 10, 120, 13, 115, 50, 5, 52, 124, 56, 121, 51, 57, 54, 45, 103, 44, 40, 35, 37, 36, 41, 30, 43, 34, 42, 39, 38, 28, 122, 32, 29, 33, 25, 26, 27, 31, 12, 14, 16, 2, 1, 7, 105, 114, 11, 9, 24, 6, 106, 15, 108, 20, 17, 21, 22, 4, 23, 19, 72, 8, 67, 73, 68, 74, 18, 77, 79, 80, 78, 117, 83, 82, 126, 81, 84, 76, 75, 69, 70, 71, 110, 85, 86, 87, 88, 109, 96, 119, 63, 102, 101, 98, 97, 123, 95, 93, 127, 107, 111, 112, 94, 46, 118, 48, 53, 49, 47, 55, 66, 113, 65, 99, 92, 89, 125]
  Najlepszy dystans: 121162.80243435221

Iteracja 24:
  Najlepsza trasa: [48, 53, 49, 47, 54, 45, 103, 44, 40, 35, 36, 37, 16, 1, 7, 105, 114, 11, 9, 24, 108, 6, 106, 15, 12, 14, 41, 43, 34, 42, 39, 38, 30, 31, 27, 26, 25, 33, 122, 28, 29, 32, 80, 79, 76, 78, 117, 84, 81, 75, 69, 70, 71, 68, 73, 74, 77, 18, 21, 17, 20, 22, 4, 23, 19, 72, 8, 67, 116, 90, 60, 59, 62, 61, 91, 58, 64, 100, 3, 10, 120, 13, 115, 50, 2, 51, 57, 121, 56, 5, 52, 124, 55, 66, 113, 65, 99, 92, 89, 125, 104, 110, 85, 86, 87, 88, 109, 96, 119, 63, 126, 82, 83, 102, 101, 98, 97, 123, 95, 93, 127, 107, 111, 112, 94, 46, 118, 48]
  Najlepszy dystans: 122172.10634670811

Iteracja 25:
  Najlepsza trasa: [106, 6, 114, 105, 16, 1, 7, 120, 10, 115, 13, 50, 2, 51, 57, 121, 56, 5, 52, 124, 55, 66, 113, 65, 99, 92, 89, 125, 104, 110, 85, 86, 87, 88, 109, 96, 119, 63, 126, 82, 83, 102, 101, 98, 97, 123, 95, 93, 127, 107, 111, 112, 94, 46, 118, 48, 53, 49, 47, 54, 45, 103, 44, 40, 35, 37, 36, 41, 14, 12, 31, 27, 30, 43, 34, 42, 39, 38, 26, 25, 33, 122, 28, 29, 32, 80, 79, 18, 77, 76, 78, 117, 84, 81, 75, 69, 70, 71, 68, 74, 73, 67, 59, 62, 60, 116, 90, 61, 91, 58, 64, 100, 3, 11, 9, 24, 23, 8, 72, 19, 4, 22, 21, 17, 20, 108, 15, 106]
  Najlepszy dystans: 120918.44502561216

Iteracja 26:
  Najlepsza trasa: [69, 63, 119, 96, 109, 88, 87, 86, 85, 110, 71, 70, 68, 74, 73, 67, 8, 72, 19, 23, 24, 9, 11, 114, 6, 106, 15, 20, 108, 4, 22, 17, 21, 18, 77, 79, 80, 31, 27, 26, 25, 33, 29, 32, 122, 28, 38, 39, 42, 34, 43, 40, 44, 103, 45, 54, 57, 121, 50, 115, 13, 2, 51, 35, 37, 36, 41, 30, 12, 14, 16, 1, 105, 7, 120, 10, 3, 100, 64, 58, 91, 61, 90, 116, 60, 62, 59, 104, 125, 89, 92, 99, 65, 113, 66, 55, 124, 52, 5, 56, 47, 49, 53, 48, 118, 46, 94, 112, 111, 107, 127, 93, 95, 123, 97, 98, 101, 102, 83, 82, 126, 81, 84, 117, 78, 76, 75, 69]
  Najlepszy dystans: 121347.56255510119

Iteracja 27:
  Najlepsza trasa: [77, 18, 72, 8, 19, 4, 22, 21, 17, 20, 15, 108, 24, 23, 9, 11, 6, 106, 114, 105, 7, 120, 3, 90, 116, 60, 59, 62, 61, 91, 58, 64, 100, 10, 115, 13, 50, 51, 2, 1, 16, 14, 12, 31, 27, 30, 41, 36, 37, 35, 40, 43, 34, 42, 39, 38, 26, 25, 33, 29, 32, 122, 28, 97, 98, 123, 95, 93, 127, 107, 111, 112, 94, 46, 118, 48, 53, 49, 47, 54, 45, 103, 44, 57, 121, 56, 5, 52, 124, 55, 66, 113, 65, 99, 92, 89, 125, 104, 110, 85, 86, 87, 88, 109, 96, 119, 63, 102, 101, 83, 82, 126, 81, 84, 117, 78, 80, 79, 76, 75, 69, 70, 71, 68, 67, 73, 74, 77]
  Najlepszy dystans: 120272.91742520947

Iteracja 28:
  Najlepsza trasa: [71, 70, 69, 75, 63, 119, 96, 109, 88, 87, 86, 85, 110, 104, 125, 89, 92, 99, 65, 113, 66, 55, 124, 52, 5, 56, 121, 50, 115, 13, 120, 10, 100, 64, 58, 91, 61, 62, 59, 60, 116, 90, 3, 9, 11, 114, 105, 7, 1, 16, 37, 36, 41, 30, 14, 12, 31, 27, 26, 25, 33, 29, 32, 122, 28, 38, 39, 42, 34, 43, 40, 35, 2, 51, 57, 54, 44, 103, 45, 48, 118, 53, 47, 49, 46, 94, 112, 111, 107, 127, 93, 95, 123, 97, 98, 101, 102, 83, 82, 126, 81, 84, 117, 76, 78, 80, 79, 77, 18, 21, 17, 20, 108, 15, 106, 6, 24, 23, 4, 22, 19, 72, 8, 67, 73, 74, 68, 71]
  Najlepszy dystans: 120131.22837603625

Iteracja 29:
  Najlepsza trasa: [85, 110, 104, 125, 89, 92, 99, 65, 113, 64, 58, 100, 91, 61, 62, 59, 60, 116, 90, 3, 10, 115, 50, 13, 120, 7, 1, 16, 2, 35, 37, 36, 41, 30, 14, 12, 20, 108, 6, 106, 15, 105, 114, 11, 9, 24, 23, 4, 22, 17, 21, 19, 8, 72, 18, 77, 74, 73, 67, 68, 71, 70, 69, 75, 81, 84, 117, 78, 76, 79, 80, 31, 27, 26, 38, 39, 42, 34, 43, 40, 44, 103, 45, 54, 57, 51, 121, 56, 5, 52, 124, 66, 55, 47, 49, 53, 48, 118, 46, 94, 112, 111, 107, 127, 93, 95, 123, 28, 122, 33, 25, 29, 32, 97, 98, 101, 102, 83, 82, 126, 63, 119, 96, 109, 88, 87, 86, 85]
  Najlepszy dystans: 121904.16176825741

Iteracja 30:
  Najlepsza trasa: [111, 107, 127, 93, 95, 123, 97, 98, 32, 29, 28, 122, 33, 25, 38, 26, 27, 30, 41, 43, 34, 39, 42, 40, 36, 37, 35, 44, 103, 45, 54, 57, 51, 2, 1, 16, 14, 12, 31, 80, 79, 77, 18, 21, 17, 20, 108, 15, 106, 6, 24, 23, 4, 22, 19, 72, 8, 67, 73, 74, 68, 71, 70, 69, 75, 76, 78, 117, 84, 81, 126, 82, 83, 101, 102, 63, 119, 96, 109, 88, 87, 86, 85, 110, 104, 125, 89, 92, 99, 65, 113, 64, 58, 100, 91, 61, 62, 59, 60, 116, 90, 3, 9, 11, 114, 105, 7, 120, 10, 115, 13, 50, 121, 56, 5, 52, 124, 66, 55, 47, 49, 53, 48, 118, 46, 94, 112, 111]
  Najlepszy dystans: 119782.116570475

Iteracja 31:
  Najlepsza trasa: [100, 91, 61, 62, 59, 60, 116, 90, 3, 11, 9, 24, 23, 4, 22, 19, 72, 8, 67, 73, 68, 74, 77, 18, 21, 17, 20, 108, 15, 106, 6, 114, 105, 16, 1, 7, 120, 10, 115, 13, 50, 2, 51, 121, 5, 52, 124, 56, 57, 54, 45, 103, 44, 35, 37, 36, 40, 43, 34, 42, 39, 38, 28, 122, 32, 29, 33, 25, 26, 27, 30, 41, 14, 12, 31, 80, 79, 76, 78, 117, 84, 81, 126, 83, 82, 75, 69, 70, 71, 110, 85, 86, 87, 88, 109, 96, 119, 63, 102, 101, 98, 97, 123, 95, 93, 127, 107, 111, 112, 94, 46, 118, 48, 53, 49, 47, 55, 66, 65, 99, 92, 89, 104, 125, 113, 64, 58, 100]
  Najlepszy dystans: 122108.71700194951

Iteracja 32:
  Najlepsza trasa: [86, 87, 88, 109, 96, 119, 63, 102, 101, 83, 82, 126, 81, 84, 117, 78, 76, 75, 69, 70, 71, 68, 74, 73, 67, 59, 62, 60, 116, 90, 61, 91, 58, 64, 100, 3, 10, 120, 13, 115, 50, 5, 121, 57, 54, 45, 103, 44, 51, 2, 16, 1, 7, 105, 114, 106, 15, 108, 6, 11, 9, 24, 23, 4, 22, 20, 17, 21, 19, 8, 72, 18, 77, 79, 80, 27, 31, 12, 14, 30, 41, 36, 37, 35, 40, 43, 34, 42, 39, 38, 26, 25, 33, 122, 28, 29, 32, 98, 97, 123, 95, 93, 127, 107, 111, 112, 94, 46, 118, 48, 53, 49, 47, 56, 52, 124, 55, 66, 113, 65, 99, 92, 89, 125, 104, 110, 85, 86]
  Najlepszy dystans: 119614.91457201031

Iteracja 33:
  Najlepsza trasa: [35, 37, 36, 41, 14, 30, 34, 43, 40, 42, 39, 38, 28, 122, 32, 29, 33, 25, 26, 27, 31, 12, 20, 108, 6, 106, 15, 105, 114, 11, 9, 24, 23, 4, 22, 17, 21, 19, 72, 8, 67, 73, 68, 74, 18, 77, 79, 80, 78, 76, 117, 84, 81, 126, 83, 82, 75, 69, 70, 71, 110, 85, 86, 87, 88, 109, 96, 119, 63, 102, 101, 98, 97, 123, 95, 93, 127, 107, 111, 112, 94, 46, 118, 48, 53, 49, 47, 55, 66, 113, 65, 99, 92, 89, 125, 104, 59, 62, 60, 116, 90, 61, 91, 58, 64, 100, 3, 10, 115, 13, 120, 7, 1, 16, 2, 51, 50, 5, 52, 124, 56, 121, 57, 54, 45, 103, 44, 35]
  Najlepszy dystans: 121169.40850713353

Iteracja 34:
  Najlepsza trasa: [17, 20, 12, 14, 41, 36, 37, 35, 40, 43, 34, 42, 39, 38, 28, 122, 32, 29, 33, 25, 26, 30, 27, 31, 80, 79, 77, 18, 74, 73, 68, 70, 71, 67, 8, 72, 19, 23, 24, 9, 11, 90, 116, 60, 59, 62, 61, 91, 58, 64, 100, 3, 10, 120, 13, 115, 50, 121, 56, 5, 52, 124, 55, 66, 113, 65, 99, 92, 89, 125, 104, 110, 85, 86, 87, 88, 109, 96, 119, 63, 69, 75, 76, 78, 117, 84, 81, 126, 82, 83, 102, 101, 98, 97, 123, 95, 93, 127, 107, 111, 112, 94, 46, 49, 47, 53, 118, 48, 45, 103, 44, 54, 57, 51, 2, 16, 1, 7, 105, 114, 6, 106, 15, 108, 4, 22, 21, 17]
  Najlepszy dystans: 120899.15462433662

Iteracja 35:
  Najlepsza trasa: [40, 43, 34, 42, 39, 38, 26, 27, 31, 79, 80, 78, 117, 84, 81, 126, 82, 83, 101, 102, 63, 119, 96, 109, 88, 87, 86, 85, 110, 71, 68, 70, 69, 75, 76, 77, 18, 74, 73, 67, 8, 72, 19, 23, 4, 22, 21, 17, 20, 108, 24, 6, 106, 15, 105, 114, 11, 9, 3, 100, 64, 58, 91, 61, 90, 116, 60, 62, 59, 104, 125, 89, 92, 99, 65, 113, 66, 55, 47, 49, 53, 48, 118, 46, 94, 112, 111, 107, 127, 98, 97, 32, 29, 25, 33, 122, 28, 123, 95, 93, 103, 45, 44, 54, 57, 121, 56, 124, 52, 5, 50, 51, 2, 13, 115, 10, 120, 7, 1, 16, 14, 12, 30, 41, 36, 37, 35, 40]
  Najlepszy dystans: 121916.28691371725

Iteracja 36:
  Najlepsza trasa: [104, 59, 62, 60, 116, 90, 61, 91, 58, 64, 100, 3, 10, 120, 13, 115, 50, 5, 52, 124, 56, 121, 57, 54, 45, 103, 44, 51, 2, 16, 1, 7, 105, 114, 11, 9, 24, 6, 106, 15, 108, 20, 17, 21, 22, 4, 23, 19, 72, 8, 67, 73, 74, 68, 75, 69, 70, 71, 110, 85, 86, 87, 88, 109, 96, 119, 63, 102, 101, 83, 82, 126, 81, 84, 117, 78, 76, 77, 18, 79, 80, 31, 27, 30, 12, 14, 41, 36, 37, 35, 40, 43, 34, 42, 39, 38, 26, 25, 33, 29, 32, 122, 28, 97, 98, 123, 95, 93, 127, 107, 111, 112, 94, 46, 118, 48, 53, 49, 47, 55, 66, 113, 65, 99, 92, 89, 125, 104]
  Najlepszy dystans: 120009.3608014474

Iteracja 37:
  Najlepsza trasa: [13, 115, 10, 100, 64, 58, 91, 61, 62, 59, 60, 116, 90, 3, 11, 9, 8, 72, 19, 22, 4, 23, 24, 6, 106, 114, 105, 15, 108, 20, 17, 21, 18, 77, 79, 80, 31, 27, 26, 25, 33, 29, 32, 122, 28, 38, 39, 42, 34, 43, 40, 35, 37, 36, 41, 30, 12, 14, 16, 1, 7, 120, 2, 51, 44, 103, 45, 54, 57, 121, 56, 47, 49, 53, 48, 118, 46, 94, 112, 111, 107, 127, 93, 95, 123, 97, 98, 101, 102, 83, 82, 126, 81, 84, 117, 78, 76, 74, 73, 67, 68, 71, 70, 69, 75, 63, 119, 96, 109, 88, 87, 86, 85, 110, 104, 125, 89, 92, 99, 65, 113, 66, 55, 124, 52, 5, 50, 13]
  Najlepszy dystans: 121062.64972555374

Iteracja 38:
  Najlepsza trasa: [24, 108, 20, 15, 106, 6, 114, 105, 7, 1, 16, 37, 35, 36, 41, 14, 12, 79, 80, 31, 27, 30, 26, 25, 33, 29, 32, 122, 28, 38, 39, 42, 34, 43, 40, 44, 103, 45, 54, 57, 47, 49, 53, 48, 118, 46, 94, 112, 111, 107, 127, 93, 95, 123, 97, 98, 101, 102, 83, 82, 126, 81, 84, 117, 78, 76, 77, 18, 21, 17, 22, 4, 23, 19, 72, 8, 67, 73, 74, 68, 71, 70, 69, 75, 63, 119, 96, 109, 88, 87, 86, 85, 110, 104, 125, 89, 92, 99, 65, 113, 66, 55, 124, 52, 5, 56, 121, 51, 2, 50, 115, 13, 120, 10, 3, 100, 64, 58, 91, 61, 62, 59, 60, 116, 90, 11, 9, 24]
  Najlepszy dystans: 121236.04288023067

Iteracja 39:
  Najlepsza trasa: [7, 120, 114, 105, 15, 106, 6, 108, 20, 17, 21, 18, 77, 79, 80, 31, 12, 14, 41, 36, 37, 35, 40, 42, 39, 34, 43, 30, 27, 26, 38, 25, 33, 122, 28, 29, 32, 98, 97, 123, 95, 93, 127, 107, 111, 112, 94, 46, 118, 48, 53, 49, 47, 56, 52, 124, 55, 66, 113, 65, 99, 92, 89, 125, 104, 110, 85, 86, 87, 88, 109, 96, 119, 63, 102, 101, 83, 82, 126, 81, 84, 117, 78, 76, 75, 69, 70, 71, 68, 74, 73, 67, 8, 72, 19, 22, 4, 23, 24, 9, 11, 3, 90, 116, 60, 59, 62, 61, 91, 58, 64, 100, 10, 115, 13, 50, 5, 121, 57, 54, 45, 103, 44, 51, 2, 16, 1, 7]
  Najlepszy dystans: 119707.29871370089

Iteracja 40:
  Najlepsza trasa: [74, 68, 76, 75, 69, 70, 71, 110, 85, 86, 87, 88, 109, 96, 119, 63, 102, 101, 83, 82, 126, 81, 84, 117, 78, 80, 79, 77, 18, 21, 17, 20, 15, 106, 114, 105, 7, 120, 10, 115, 13, 50, 5, 52, 124, 56, 121, 57, 54, 45, 103, 44, 51, 2, 1, 16, 14, 12, 31, 27, 30, 41, 36, 37, 35, 40, 43, 34, 42, 39, 38, 26, 25, 33, 122, 28, 29, 32, 98, 97, 123, 95, 93, 127, 107, 111, 112, 94, 46, 118, 48, 53, 49, 47, 55, 66, 65, 99, 92, 89, 104, 125, 113, 64, 58, 100, 91, 61, 62, 59, 60, 116, 90, 3, 11, 9, 23, 24, 6, 108, 4, 22, 19, 72, 8, 67, 73, 74]
  Najlepszy dystans: 120937.16634331699

Iteracja 41:
  Najlepsza trasa: [36, 41, 14, 12, 30, 27, 31, 79, 80, 78, 117, 84, 81, 126, 82, 83, 101, 102, 63, 119, 96, 109, 88, 87, 86, 85, 110, 71, 68, 70, 69, 75, 76, 77, 18, 74, 73, 67, 8, 72, 19, 4, 22, 21, 17, 20, 108, 15, 106, 6, 24, 23, 9, 11, 114, 105, 16, 1, 7, 120, 13, 115, 10, 3, 90, 116, 60, 59, 62, 61, 91, 100, 58, 64, 113, 125, 104, 89, 92, 99, 65, 66, 55, 124, 52, 5, 56, 121, 50, 2, 51, 57, 54, 44, 103, 45, 48, 53, 47, 49, 118, 46, 94, 112, 111, 107, 127, 93, 95, 123, 97, 98, 32, 29, 28, 122, 33, 25, 26, 38, 39, 42, 34, 43, 40, 35, 37, 36]
  Najlepszy dystans: 121153.13409508254

Iteracja 42:
  Najlepsza trasa: [119, 96, 109, 88, 87, 86, 85, 110, 71, 68, 70, 69, 75, 76, 74, 73, 67, 8, 72, 19, 22, 4, 23, 24, 6, 9, 11, 114, 120, 13, 50, 115, 10, 3, 100, 64, 58, 91, 61, 90, 116, 60, 62, 59, 104, 125, 89, 92, 99, 65, 113, 66, 55, 47, 53, 49, 46, 118, 48, 94, 112, 111, 107, 127, 93, 95, 123, 98, 97, 28, 122, 32, 29, 33, 25, 38, 26, 27, 31, 12, 14, 41, 30, 43, 34, 39, 42, 40, 36, 37, 35, 44, 103, 45, 54, 57, 121, 56, 124, 52, 5, 51, 2, 16, 1, 7, 105, 106, 15, 108, 20, 17, 21, 18, 77, 79, 80, 78, 117, 84, 81, 126, 82, 83, 101, 102, 63, 119]
  Najlepszy dystans: 121054.8025002184

Iteracja 43:
  Najlepsza trasa: [102, 63, 119, 82, 83, 126, 81, 84, 117, 78, 76, 75, 69, 96, 109, 88, 87, 86, 85, 110, 71, 70, 68, 74, 73, 67, 8, 72, 19, 4, 23, 24, 9, 11, 114, 105, 15, 106, 6, 108, 20, 22, 17, 21, 18, 77, 79, 80, 31, 27, 26, 25, 33, 29, 32, 122, 28, 38, 39, 42, 34, 43, 30, 41, 14, 12, 16, 37, 36, 35, 40, 44, 103, 45, 54, 57, 121, 56, 124, 52, 5, 50, 51, 2, 1, 7, 120, 13, 115, 10, 3, 100, 64, 58, 91, 61, 90, 116, 60, 62, 59, 104, 125, 89, 92, 99, 65, 113, 66, 55, 47, 49, 53, 48, 118, 46, 94, 112, 111, 107, 127, 93, 95, 123, 97, 98, 101, 102]
  Najlepszy dystans: 121927.83878979908

Iteracja 44:
  Najlepsza trasa: [127, 93, 95, 123, 97, 98, 101, 102, 83, 82, 126, 81, 84, 117, 75, 76, 78, 80, 79, 77, 18, 21, 17, 20, 108, 15, 106, 6, 114, 105, 7, 1, 16, 37, 36, 41, 30, 14, 12, 31, 27, 26, 25, 33, 29, 32, 122, 28, 38, 39, 42, 34, 43, 40, 35, 44, 103, 45, 54, 57, 121, 56, 124, 52, 5, 51, 2, 50, 115, 13, 120, 10, 3, 100, 64, 58, 91, 61, 62, 59, 60, 116, 90, 11, 9, 24, 23, 4, 22, 19, 72, 8, 67, 73, 74, 68, 71, 70, 69, 63, 119, 96, 109, 88, 87, 86, 85, 110, 104, 125, 89, 92, 99, 65, 113, 66, 55, 47, 49, 53, 48, 118, 46, 94, 112, 111, 107, 127]
  Najlepszy dystans: 120097.66003822452

Iteracja 45:
  Najlepsza trasa: [97, 98, 32, 29, 28, 122, 33, 25, 26, 38, 39, 42, 34, 43, 40, 35, 44, 103, 45, 54, 57, 121, 51, 2, 50, 13, 115, 10, 100, 64, 58, 91, 61, 62, 59, 60, 116, 90, 3, 120, 7, 1, 16, 37, 36, 41, 30, 14, 12, 31, 27, 80, 79, 77, 18, 21, 17, 20, 108, 6, 106, 15, 105, 114, 11, 9, 24, 23, 4, 22, 19, 72, 8, 67, 73, 74, 68, 71, 70, 69, 75, 76, 78, 117, 84, 81, 126, 82, 83, 101, 102, 63, 119, 96, 109, 88, 87, 86, 85, 110, 104, 125, 89, 92, 99, 65, 113, 66, 55, 124, 52, 5, 56, 47, 49, 53, 48, 118, 46, 94, 112, 111, 107, 127, 93, 95, 123, 97]
  Najlepszy dystans: 118862.29325327274

Iteracja 46:
  Najlepsza trasa: [27, 30, 41, 14, 12, 20, 108, 24, 9, 11, 114, 6, 106, 15, 105, 7, 120, 3, 90, 116, 60, 59, 62, 61, 91, 58, 64, 100, 10, 115, 13, 50, 51, 2, 1, 16, 37, 36, 35, 40, 43, 34, 42, 39, 38, 26, 25, 33, 29, 32, 122, 28, 97, 98, 123, 95, 93, 127, 107, 111, 112, 94, 46, 49, 47, 53, 118, 48, 45, 103, 44, 54, 57, 121, 56, 5, 52, 124, 55, 66, 113, 65, 99, 92, 89, 125, 104, 110, 85, 86, 87, 88, 109, 96, 119, 63, 102, 101, 83, 82, 126, 81, 84, 117, 78, 76, 75, 69, 70, 71, 68, 74, 73, 67, 8, 72, 19, 23, 4, 22, 17, 21, 18, 77, 79, 80, 31, 27]
  Najlepszy dystans: 119357.30583389211

Iteracja 47:
  Najlepsza trasa: [44, 54, 57, 51, 50, 13, 115, 10, 120, 7, 1, 2, 16, 12, 14, 41, 36, 37, 35, 40, 43, 34, 42, 39, 38, 28, 122, 32, 29, 33, 25, 26, 30, 27, 31, 80, 79, 77, 18, 21, 17, 20, 108, 15, 106, 105, 114, 6, 24, 4, 22, 19, 72, 8, 23, 9, 11, 3, 100, 64, 58, 91, 61, 90, 116, 60, 62, 59, 67, 73, 74, 68, 71, 70, 69, 75, 76, 78, 117, 84, 81, 126, 82, 83, 101, 102, 63, 119, 96, 109, 88, 87, 86, 85, 110, 104, 125, 89, 92, 99, 65, 113, 66, 55, 124, 52, 5, 121, 56, 47, 49, 53, 48, 118, 46, 94, 112, 111, 107, 127, 98, 97, 123, 95, 93, 103, 45, 44]
  Najlepszy dystans: 120904.14534175195

Iteracja 48:
  Najlepsza trasa: [70, 69, 75, 82, 83, 126, 81, 84, 117, 76, 78, 80, 79, 77, 18, 74, 73, 67, 8, 72, 19, 22, 21, 17, 20, 108, 4, 23, 24, 9, 11, 6, 106, 15, 105, 114, 7, 1, 16, 14, 12, 31, 27, 26, 25, 33, 29, 32, 122, 28, 38, 39, 42, 34, 43, 30, 41, 36, 37, 35, 40, 44, 103, 45, 54, 57, 56, 124, 52, 5, 121, 51, 2, 50, 115, 13, 120, 10, 3, 100, 64, 58, 91, 61, 90, 116, 60, 62, 59, 104, 125, 89, 92, 99, 65, 113, 66, 55, 47, 49, 53, 48, 118, 46, 94, 112, 111, 107, 127, 93, 95, 123, 97, 98, 101, 102, 63, 119, 96, 109, 88, 87, 86, 85, 110, 71, 68, 70]
  Najlepszy dystans: 120646.80666969607

Iteracja 49:
  Najlepsza trasa: [8, 72, 18, 21, 17, 22, 4, 19, 23, 24, 9, 11, 114, 105, 15, 106, 6, 108, 20, 12, 31, 27, 30, 14, 41, 36, 37, 16, 1, 7, 120, 10, 3, 90, 116, 60, 59, 62, 61, 91, 58, 64, 100, 115, 13, 50, 51, 2, 35, 40, 43, 34, 42, 39, 38, 26, 25, 33, 29, 32, 122, 28, 97, 98, 123, 95, 93, 127, 107, 111, 112, 94, 46, 118, 49, 47, 53, 48, 45, 103, 44, 54, 57, 121, 56, 5, 52, 124, 55, 66, 113, 65, 99, 92, 89, 125, 104, 110, 85, 86, 87, 88, 109, 96, 119, 63, 102, 101, 83, 82, 126, 81, 84, 117, 78, 80, 79, 77, 76, 75, 69, 70, 71, 68, 74, 73, 67, 8]
  Najlepszy dystans: 120564.33176264683

Iteracja 50:
  Najlepsza trasa: [17, 20, 108, 15, 106, 6, 24, 23, 4, 22, 19, 72, 8, 67, 59, 62, 60, 116, 90, 61, 91, 58, 64, 100, 3, 9, 11, 114, 105, 7, 120, 10, 115, 13, 1, 16, 2, 51, 50, 5, 52, 124, 55, 66, 113, 65, 99, 92, 89, 125, 104, 110, 85, 86, 87, 88, 109, 96, 119, 63, 102, 101, 98, 97, 123, 95, 93, 127, 107, 111, 112, 94, 46, 118, 48, 53, 49, 47, 56, 121, 57, 54, 45, 103, 44, 40, 35, 37, 36, 41, 14, 12, 31, 27, 30, 43, 34, 42, 39, 38, 26, 25, 33, 122, 28, 29, 32, 80, 79, 78, 117, 83, 82, 126, 81, 84, 76, 75, 69, 70, 71, 68, 73, 74, 77, 18, 21, 17]
  Najlepszy dystans: 121439.6809573775

Najlepsze rozwi¹zanie z 50 iteracji:
  Najlepsza trasa: [71, 68, 74, 73, 67, 8, 72, 19, 22, 4, 23, 24, 9, 11, 3, 90, 116, 60, 59, 62, 61, 91, 58, 64, 100, 10, 120, 13, 115, 50, 2, 51, 121, 5, 52, 124, 56, 57, 54, 45, 103, 44, 40, 35, 36, 37, 16, 1, 7, 105, 114, 6, 106, 15, 108, 20, 17, 21, 18, 77, 79, 80, 27, 31, 12, 14, 41, 30, 43, 34, 42, 39, 38, 26, 25, 33, 122, 28, 29, 32, 98, 97, 123, 95, 93, 127, 107, 111, 112, 94, 46, 118, 48, 53, 49, 47, 55, 66, 113, 65, 99, 92, 89, 125, 104, 110, 85, 86, 87, 88, 109, 96, 119, 63, 102, 101, 83, 82, 126, 81, 84, 117, 78, 76, 75, 69, 70, 71]
  Najlepszy dystans: 118475.22696131225
Œrednia wartoœæ dystansu z 50 iteracji: 120751.43
Czas dzia³ania algorytmu: 3634.44 sekund
