
Wyniki symulowanego wy¿arzania
Metoda ruchu: swap
Liczba epok: 800
Temperatura pocz¹tkowa: 10000
Sch³adzanie: 0.99
Liczba prób: 1000
Liczba iteracji: 10

Iteracja 1:
  Najlepsza trasa: [28, 36, 46, 15, 33, 20, 12, 11, 23, 13, 47, 21, 32, 39, 48, 24, 10, 45, 35, 4, 26, 42, 2, 29, 5, 25, 14, 34, 41, 16, 22, 3, 40, 9, 1, 8, 38, 31, 44, 18, 7, 30, 43, 17, 27, 19, 37, 6, 28]
  Najlepszy dystans: 11147

Iteracja 2:
  Najlepsza trasa: [29, 5, 48, 34, 41, 16, 22, 1, 8, 9, 38, 31, 46, 15, 40, 3, 23, 14, 25, 13, 11, 12, 33, 44, 18, 7, 28, 6, 37, 19, 27, 17, 43, 30, 36, 20, 47, 21, 39, 32, 24, 10, 45, 35, 4, 26, 42, 2, 29]
  Najlepszy dystans: 11314

Iteracja 3:
  Najlepsza trasa: [37, 19, 27, 17, 43, 30, 28, 7, 18, 44, 31, 38, 8, 1, 9, 40, 11, 23, 3, 22, 16, 41, 34, 14, 39, 32, 48, 5, 42, 24, 10, 45, 35, 4, 26, 2, 29, 25, 13, 21, 47, 20, 12, 15, 33, 46, 36, 6, 37]
  Najlepszy dystans: 11156

Iteracja 4:
  Najlepsza trasa: [30, 43, 17, 27, 19, 37, 6, 28, 36, 46, 33, 15, 12, 20, 47, 21, 13, 11, 23, 14, 25, 39, 32, 48, 5, 42, 24, 10, 45, 35, 4, 26, 2, 29, 34, 41, 16, 22, 3, 40, 9, 1, 8, 38, 31, 44, 18, 7, 30]
  Najlepszy dystans: 10809

Iteracja 5:
  Najlepsza trasa: [19, 37, 6, 28, 7, 18, 44, 31, 38, 46, 15, 12, 11, 13, 25, 14, 23, 3, 40, 9, 8, 1, 22, 16, 41, 34, 29, 2, 26, 4, 35, 45, 10, 24, 42, 5, 48, 39, 32, 21, 47, 20, 33, 36, 30, 43, 17, 27, 19]
  Najlepszy dystans: 10948

Iteracja 6:
  Najlepsza trasa: [21, 47, 20, 33, 12, 11, 23, 3, 22, 1, 40, 15, 46, 36, 30, 43, 17, 27, 19, 37, 6, 28, 7, 18, 44, 31, 38, 9, 8, 16, 41, 34, 14, 25, 39, 32, 24, 10, 45, 35, 4, 26, 42, 2, 29, 5, 48, 13, 21]
  Najlepszy dystans: 11191

Iteracja 7:
  Najlepsza trasa: [28, 6, 37, 19, 27, 17, 43, 30, 36, 46, 33, 20, 12, 15, 40, 11, 23, 34, 41, 29, 2, 42, 10, 26, 4, 35, 45, 24, 5, 48, 39, 32, 21, 47, 13, 25, 14, 3, 22, 16, 1, 8, 9, 38, 31, 44, 18, 7, 28]
  Najlepszy dystans: 11141

Iteracja 8:
  Najlepsza trasa: [5, 48, 42, 10, 24, 45, 35, 4, 26, 2, 29, 41, 16, 22, 1, 8, 9, 38, 31, 46, 33, 20, 47, 21, 32, 39, 25, 13, 14, 23, 11, 12, 15, 36, 30, 27, 43, 17, 19, 37, 6, 28, 7, 18, 44, 40, 3, 34, 5]
  Najlepszy dystans: 11694

Iteracja 9:
  Najlepsza trasa: [44, 18, 7, 28, 6, 37, 19, 27, 17, 43, 30, 36, 15, 12, 11, 13, 25, 14, 23, 40, 9, 38, 8, 1, 16, 22, 3, 34, 41, 29, 2, 26, 4, 35, 45, 10, 24, 42, 5, 48, 39, 32, 21, 47, 20, 33, 46, 31, 44]
  Najlepszy dystans: 11157

Iteracja 10:
  Najlepsza trasa: [48, 32, 39, 25, 13, 21, 47, 20, 33, 15, 40, 3, 22, 16, 1, 8, 9, 38, 31, 44, 18, 7, 28, 6, 37, 19, 27, 17, 43, 30, 36, 46, 12, 11, 23, 14, 34, 41, 29, 2, 26, 4, 35, 45, 10, 24, 42, 5, 48]
  Najlepszy dystans: 10965

Najlepsze rozwi¹zanie z 10 iteracji:
  Najlepsza trasa: [30, 43, 17, 27, 19, 37, 6, 28, 36, 46, 33, 15, 12, 20, 47, 21, 13, 11, 23, 14, 25, 39, 32, 48, 5, 42, 24, 10, 45, 35, 4, 26, 2, 29, 34, 41, 16, 22, 3, 40, 9, 1, 8, 38, 31, 44, 18, 7, 30]
  Najlepszy dystans: 10809
Œrednia wartoœæ dystansu z 10 iteracji: 11152.20
Czas dzia³ania algorytmu: 289.82 sekund
