
Wyniki symulowanego wy¿arzania
Metoda ruchu: two_opt
Liczba epok: 10
Temperatura pocz¹tkowa: 10000
Sch³adzanie: 0.99
Liczba prób: 1000
Liczba iteracji: 10

Iteracja 1:
  Najlepsza trasa: [61, 62, 60, 58, 33, 17, 27, 35, 16, 13, 8, 19, 9, 49, 39, 37, 40, 63, 70, 65, 56, 32, 41, 43, 23, 2, 68, 30, 28, 47, 69, 71, 72, 46, 24, 52, 57, 53, 25, 6, 38, 5, 14, 42, 74, 21, 22, 76, 7, 18, 75, 1, 3, 45, 26, 73, 55, 44, 36, 20, 31, 48, 51, 54, 50, 67, 66, 64, 29, 59, 34, 11, 12, 10, 4, 15, 61]
  Najlepszy dystans: 407311.7905289

Iteracja 2:
  Najlepsza trasa: [60, 40, 18, 17, 12, 15, 16, 36, 74, 20, 61, 32, 52, 67, 53, 62, 54, 69, 30, 13, 4, 19, 45, 71, 70, 68, 47, 29, 28, 37, 10, 57, 50, 64, 56, 48, 31, 59, 58, 6, 3, 26, 43, 38, 35, 14, 63, 39, 33, 42, 73, 51, 41, 27, 44, 24, 65, 66, 46, 25, 2, 23, 75, 8, 9, 1, 21, 76, 7, 22, 5, 55, 34, 72, 49, 11, 60]
  Najlepszy dystans: 404424.3561692489

Iteracja 3:
  Najlepsza trasa: [36, 2, 19, 35, 34, 30, 40, 41, 65, 56, 51, 69, 52, 60, 37, 12, 16, 28, 64, 42, 45, 68, 20, 26, 27, 55, 32, 54, 46, 24, 49, 76, 31, 33, 53, 43, 59, 29, 11, 15, 62, 18, 17, 22, 23, 7, 1, 25, 38, 48, 67, 58, 44, 21, 14, 3, 6, 4, 8, 75, 50, 70, 66, 13, 5, 47, 74, 9, 10, 57, 73, 71, 72, 61, 39, 63, 36]
  Najlepszy dystans: 416029.2785408856

Iteracja 4:
  Najlepsza trasa: [8, 15, 30, 19, 14, 61, 38, 57, 31, 50, 28, 35, 13, 10, 37, 74, 16, 11, 43, 59, 73, 62, 63, 60, 72, 49, 55, 51, 4, 68, 45, 23, 52, 75, 1, 6, 9, 26, 76, 46, 71, 58, 41, 39, 47, 70, 48, 29, 21, 24, 22, 2, 44, 66, 40, 3, 56, 65, 54, 53, 34, 25, 67, 42, 69, 33, 12, 20, 27, 64, 18, 36, 17, 7, 32, 5, 8]
  Najlepszy dystans: 431637.41958080477

Iteracja 5:
  Najlepsza trasa: [23, 3, 14, 39, 27, 19, 2, 38, 42, 31, 47, 18, 32, 13, 40, 66, 70, 44, 54, 49, 73, 71, 51, 69, 56, 36, 28, 5, 6, 15, 16, 62, 63, 34, 60, 72, 59, 50, 52, 65, 41, 64, 67, 55, 37, 43, 61, 20, 11, 57, 58, 22, 9, 7, 24, 75, 1, 17, 30, 35, 33, 10, 12, 74, 4, 8, 21, 29, 26, 68, 48, 25, 76, 53, 46, 45, 23]
  Najlepszy dystans: 414181.4114659563

Iteracja 6:
  Najlepsza trasa: [9, 17, 21, 54, 41, 27, 24, 23, 19, 12, 72, 73, 69, 68, 65, 44, 26, 53, 31, 39, 38, 18, 43, 63, 42, 20, 49, 62, 60, 40, 74, 15, 13, 8, 2, 76, 36, 37, 75, 58, 64, 35, 59, 46, 22, 11, 30, 56, 61, 10, 70, 25, 45, 47, 48, 7, 3, 32, 16, 1, 52, 51, 34, 29, 33, 67, 50, 55, 66, 57, 71, 28, 6, 4, 14, 5, 9]
  Najlepszy dystans: 417182.1022581429

Iteracja 7:
  Najlepsza trasa: [22, 45, 21, 51, 49, 42, 28, 5, 39, 41, 63, 68, 44, 47, 27, 66, 70, 18, 14, 9, 30, 26, 55, 10, 6, 75, 1, 25, 74, 31, 11, 54, 65, 69, 67, 48, 7, 38, 57, 32, 53, 64, 20, 12, 13, 61, 72, 33, 17, 37, 60, 24, 23, 46, 29, 58, 50, 71, 73, 56, 59, 40, 34, 43, 52, 62, 36, 76, 2, 19, 16, 15, 8, 35, 4, 3, 22]
  Najlepszy dystans: 393484.4472429698

Iteracja 8:
  Najlepsza trasa: [16, 34, 48, 26, 27, 65, 71, 29, 73, 66, 62, 75, 55, 67, 28, 3, 30, 11, 9, 51, 22, 49, 44, 32, 56, 59, 41, 61, 18, 31, 35, 25, 1, 24, 6, 47, 69, 72, 70, 45, 42, 40, 37, 17, 36, 10, 7, 74, 76, 53, 58, 57, 38, 60, 64, 33, 2, 20, 21, 23, 46, 54, 50, 43, 39, 63, 68, 52, 12, 14, 13, 8, 5, 4, 19, 15, 16]
  Najlepszy dystans: 420541.46820932714

Iteracja 9:
  Najlepsza trasa: [59, 43, 47, 69, 53, 49, 8, 73, 56, 19, 37, 18, 74, 3, 17, 36, 10, 54, 31, 70, 71, 39, 1, 35, 33, 61, 41, 51, 24, 27, 66, 67, 68, 40, 28, 29, 25, 75, 76, 23, 5, 12, 34, 72, 50, 62, 4, 20, 45, 55, 60, 32, 57, 52, 48, 63, 58, 16, 15, 38, 11, 9, 13, 6, 14, 22, 2, 21, 26, 44, 7, 46, 30, 42, 65, 64, 59]
  Najlepszy dystans: 415176.7185782831

Iteracja 10:
  Najlepsza trasa: [19, 67, 46, 69, 56, 71, 64, 63, 40, 52, 62, 9, 13, 74, 28, 31, 12, 1, 35, 30, 44, 37, 41, 5, 10, 17, 54, 25, 42, 55, 72, 73, 49, 75, 18, 60, 61, 27, 20, 68, 50, 66, 65, 16, 2, 26, 22, 76, 3, 48, 38, 45, 21, 34, 15, 29, 43, 36, 11, 32, 33, 39, 59, 70, 47, 24, 14, 8, 6, 4, 7, 23, 58, 57, 51, 53, 19]
  Najlepszy dystans: 424766.5216407996

Najlepsze rozwi¹zanie z 10 iteracji:
  Najlepsza trasa: [22, 45, 21, 51, 49, 42, 28, 5, 39, 41, 63, 68, 44, 47, 27, 66, 70, 18, 14, 9, 30, 26, 55, 10, 6, 75, 1, 25, 74, 31, 11, 54, 65, 69, 67, 48, 7, 38, 57, 32, 53, 64, 20, 12, 13, 61, 72, 33, 17, 37, 60, 24, 23, 46, 29, 58, 50, 71, 73, 56, 59, 40, 34, 43, 52, 62, 36, 76, 2, 19, 16, 15, 8, 35, 4, 3, 22]
  Najlepszy dystans: 393484.4472429698
Œrednia wartoœæ dystansu z 10 iteracji: 414473.55
Czas dzia³ania algorytmu: 4.91 sekund
