
Wyniki symulowanego wy¿arzania
Metoda ruchu: two_opt
Liczba epok: 25
Temperatura pocz¹tkowa: 10000
Sch³adzanie: 0.99
Liczba prób: 1000
Liczba iteracji: 10

Iteracja 1:
  Najlepsza trasa: [56, 65, 63, 72, 70, 68, 67, 59, 50, 69, 60, 64, 42, 16, 21, 17, 15, 22, 44, 47, 45, 34, 51, 25, 31, 26, 71, 58, 43, 29, 62, 30, 33, 53, 66, 52, 49, 27, 19, 10, 8, 74, 13, 2, 7, 5, 3, 4, 1, 9, 73, 28, 20, 32, 12, 6, 24, 11, 48, 36, 40, 39, 57, 18, 41, 61, 35, 37, 14, 38, 55, 54, 23, 76, 75, 46, 56]
  Najlepszy dystans: 391176.07473571936

Iteracja 2:
  Najlepsza trasa: [34, 40, 27, 56, 61, 1, 75, 76, 6, 28, 45, 54, 8, 31, 33, 32, 11, 37, 53, 69, 30, 35, 66, 17, 39, 9, 51, 67, 48, 44, 65, 71, 22, 23, 25, 2, 7, 38, 52, 70, 43, 68, 26, 19, 21, 24, 4, 16, 12, 60, 42, 46, 72, 73, 63, 59, 57, 58, 62, 64, 41, 3, 20, 36, 49, 50, 47, 55, 29, 5, 14, 18, 13, 74, 10, 15, 34]
  Najlepszy dystans: 383379.0562531775

Iteracja 3:
  Najlepsza trasa: [76, 25, 16, 24, 34, 47, 28, 10, 7, 62, 71, 46, 31, 9, 6, 5, 26, 29, 21, 53, 59, 61, 60, 73, 45, 44, 23, 37, 38, 17, 3, 39, 56, 36, 22, 51, 49, 54, 72, 64, 66, 70, 69, 27, 48, 2, 14, 55, 52, 33, 58, 32, 43, 19, 30, 20, 68, 65, 67, 8, 4, 13, 74, 15, 11, 40, 12, 35, 63, 57, 18, 41, 50, 42, 1, 75, 76]
  Najlepszy dystans: 415660.2317822355

Iteracja 4:
  Najlepsza trasa: [35, 28, 29, 52, 57, 34, 62, 63, 56, 9, 6, 12, 24, 59, 53, 51, 71, 37, 32, 66, 69, 55, 22, 25, 1, 31, 61, 47, 73, 72, 64, 43, 33, 21, 23, 27, 44, 3, 41, 42, 49, 39, 5, 14, 16, 74, 45, 75, 76, 4, 20, 58, 50, 68, 67, 70, 54, 60, 17, 11, 30, 40, 26, 38, 19, 36, 2, 8, 10, 15, 7, 13, 18, 48, 65, 46, 35]
  Najlepszy dystans: 404302.9777070213

Iteracja 5:
  Najlepsza trasa: [32, 18, 35, 36, 38, 41, 29, 62, 10, 5, 9, 76, 75, 23, 40, 51, 69, 70, 48, 2, 3, 25, 21, 58, 63, 67, 50, 43, 16, 13, 14, 12, 31, 26, 47, 45, 39, 60, 74, 15, 57, 22, 53, 17, 46, 30, 56, 19, 20, 6, 7, 8, 37, 1, 11, 4, 59, 28, 65, 66, 68, 44, 54, 49, 27, 52, 33, 71, 55, 64, 34, 42, 24, 72, 73, 61, 32]
  Najlepszy dystans: 391249.34791750566

Iteracja 6:
  Najlepsza trasa: [10, 6, 29, 17, 15, 3, 8, 23, 1, 65, 39, 40, 71, 14, 32, 19, 20, 24, 31, 21, 47, 68, 67, 69, 46, 48, 49, 5, 60, 50, 42, 7, 76, 4, 33, 55, 53, 56, 66, 28, 22, 75, 2, 58, 25, 30, 9, 12, 13, 74, 57, 61, 41, 35, 37, 34, 36, 18, 43, 45, 70, 72, 62, 54, 63, 64, 51, 59, 44, 52, 11, 16, 38, 73, 26, 27, 10]
  Najlepszy dystans: 385884.2824179425

Iteracja 7:
  Najlepsza trasa: [42, 67, 52, 34, 51, 28, 72, 61, 29, 37, 38, 5, 4, 7, 15, 17, 55, 60, 69, 68, 59, 35, 12, 20, 54, 43, 31, 8, 33, 14, 74, 3, 23, 13, 40, 30, 24, 46, 58, 66, 70, 25, 57, 53, 36, 62, 41, 39, 27, 45, 44, 76, 1, 22, 9, 6, 32, 75, 2, 21, 48, 64, 63, 71, 56, 73, 49, 47, 65, 11, 50, 18, 16, 10, 26, 19, 42]
  Najlepszy dystans: 411079.7563188595

Iteracja 8:
  Najlepsza trasa: [8, 14, 42, 65, 71, 38, 60, 58, 40, 49, 68, 61, 22, 26, 18, 37, 11, 2, 55, 56, 63, 51, 66, 43, 7, 1, 29, 57, 59, 41, 20, 31, 9, 72, 73, 19, 24, 25, 4, 75, 70, 62, 64, 32, 27, 69, 44, 47, 52, 45, 50, 33, 6, 35, 30, 46, 23, 76, 3, 36, 17, 53, 67, 39, 34, 54, 48, 28, 5, 21, 10, 12, 13, 15, 16, 74, 8]
  Najlepszy dystans: 392066.34423696244

Iteracja 9:
  Najlepsza trasa: [6, 18, 35, 36, 10, 22, 23, 51, 49, 64, 12, 16, 8, 5, 34, 38, 17, 48, 54, 24, 39, 60, 66, 56, 42, 61, 62, 40, 29, 31, 27, 26, 44, 43, 57, 72, 73, 65, 41, 28, 63, 71, 47, 46, 14, 75, 67, 69, 70, 68, 55, 32, 50, 53, 21, 25, 7, 2, 19, 76, 52, 45, 30, 58, 37, 11, 4, 20, 74, 13, 15, 9, 59, 3, 1, 33, 6]
  Najlepszy dystans: 390804.59517927154

Iteracja 10:
  Najlepsza trasa: [59, 50, 20, 16, 18, 8, 22, 3, 2, 24, 25, 21, 7, 76, 26, 29, 31, 54, 32, 35, 40, 6, 15, 30, 45, 39, 38, 44, 68, 67, 60, 65, 49, 37, 36, 43, 57, 71, 55, 47, 9, 5, 13, 19, 4, 23, 75, 1, 66, 33, 42, 73, 62, 64, 69, 48, 52, 46, 56, 10, 12, 74, 14, 11, 34, 61, 41, 27, 53, 51, 28, 70, 17, 63, 58, 72, 59]
  Najlepszy dystans: 391819.3705077052

Najlepsze rozwi¹zanie z 10 iteracji:
  Najlepsza trasa: [34, 40, 27, 56, 61, 1, 75, 76, 6, 28, 45, 54, 8, 31, 33, 32, 11, 37, 53, 69, 30, 35, 66, 17, 39, 9, 51, 67, 48, 44, 65, 71, 22, 23, 25, 2, 7, 38, 52, 70, 43, 68, 26, 19, 21, 24, 4, 16, 12, 60, 42, 46, 72, 73, 63, 59, 57, 58, 62, 64, 41, 3, 20, 36, 49, 50, 47, 55, 29, 5, 14, 18, 13, 74, 10, 15, 34]
  Najlepszy dystans: 383379.0562531775
Œrednia wartoœæ dystansu z 10 iteracji: 395742.20
Czas dzia³ania algorytmu: 13.76 sekund
