
Wyniki symulowanego wy¿arzania
Metoda ruchu: two_opt
Liczba epok: 1000
Temperatura pocz¹tkowa: 10000
Sch³adzanie: 0.99
Liczba prób: 1000
Liczba iteracji: 10

Iteracja 1:
  Najlepsza trasa: [21, 22, 23, 1, 76, 75, 2, 3, 4, 6, 7, 8, 9, 10, 5, 20, 19, 31, 30, 29, 26, 27, 43, 28, 33, 32, 35, 36, 37, 18, 17, 11, 12, 13, 14, 74, 15, 16, 38, 39, 34, 40, 41, 60, 59, 61, 62, 58, 57, 63, 64, 73, 72, 71, 65, 66, 51, 56, 55, 42, 54, 53, 52, 49, 50, 67, 70, 68, 69, 47, 48, 44, 45, 46, 24, 25, 21]
  Najlepszy dystans: 109241.42218053194

Iteracja 2:
  Najlepsza trasa: [41, 61, 62, 63, 64, 73, 72, 71, 65, 66, 51, 49, 50, 67, 70, 68, 69, 47, 48, 44, 45, 46, 24, 25, 21, 22, 23, 1, 76, 75, 2, 3, 4, 31, 19, 20, 5, 6, 7, 8, 9, 10, 11, 12, 13, 14, 74, 15, 16, 17, 18, 37, 36, 38, 39, 40, 34, 35, 33, 32, 29, 30, 26, 27, 28, 43, 42, 54, 53, 52, 55, 56, 57, 58, 59, 60, 41]
  Najlepszy dystans: 108714.91040199433

Iteracja 3:
  Najlepsza trasa: [35, 33, 32, 29, 30, 31, 19, 20, 26, 27, 28, 43, 42, 54, 53, 52, 55, 56, 58, 59, 60, 40, 41, 61, 62, 57, 63, 64, 73, 72, 71, 65, 66, 51, 49, 50, 67, 70, 68, 69, 47, 48, 44, 45, 46, 24, 25, 21, 22, 23, 1, 76, 75, 2, 3, 4, 5, 6, 7, 8, 9, 10, 11, 12, 13, 14, 74, 15, 16, 17, 18, 37, 36, 38, 39, 34, 35]
  Najlepszy dystans: 108790.84635061587

Iteracja 4:
  Najlepsza trasa: [39, 40, 41, 60, 59, 61, 62, 58, 57, 63, 64, 73, 72, 71, 65, 66, 51, 56, 55, 42, 54, 53, 52, 49, 50, 67, 70, 68, 69, 47, 48, 44, 45, 46, 24, 25, 21, 22, 23, 1, 76, 75, 2, 8, 7, 6, 3, 4, 26, 27, 43, 28, 33, 32, 29, 30, 31, 19, 20, 5, 10, 9, 11, 12, 13, 14, 74, 15, 16, 17, 18, 37, 36, 35, 34, 38, 39]
  Najlepszy dystans: 110036.4606094127

Iteracja 5:
  Najlepsza trasa: [12, 10, 9, 8, 7, 6, 5, 20, 4, 3, 2, 75, 76, 1, 23, 22, 21, 25, 24, 46, 45, 44, 48, 47, 69, 68, 70, 67, 50, 49, 51, 66, 65, 71, 72, 73, 64, 63, 62, 61, 60, 59, 58, 57, 56, 55, 52, 53, 54, 42, 43, 28, 27, 26, 29, 30, 31, 19, 32, 33, 35, 34, 40, 41, 39, 38, 36, 37, 18, 17, 11, 16, 15, 74, 14, 13, 12]
  Najlepszy dystans: 108882.43699248001

Iteracja 6:
  Najlepsza trasa: [4, 3, 2, 75, 76, 1, 23, 22, 21, 25, 24, 46, 45, 44, 48, 47, 69, 68, 70, 67, 50, 49, 53, 52, 51, 66, 65, 71, 72, 73, 64, 63, 62, 61, 57, 56, 55, 58, 59, 60, 41, 40, 39, 38, 36, 37, 18, 17, 35, 34, 32, 33, 54, 42, 43, 28, 27, 26, 29, 30, 31, 19, 20, 5, 10, 11, 16, 15, 74, 14, 13, 12, 9, 8, 7, 6, 4]
  Najlepszy dystans: 110629.26417305935

Iteracja 7:
  Najlepsza trasa: [46, 45, 44, 48, 47, 69, 68, 70, 67, 50, 49, 43, 42, 54, 53, 52, 55, 56, 51, 66, 65, 71, 72, 73, 64, 63, 57, 62, 61, 58, 59, 60, 41, 40, 39, 38, 35, 34, 32, 33, 28, 27, 26, 29, 30, 31, 19, 20, 5, 10, 11, 17, 36, 37, 18, 16, 15, 74, 14, 13, 12, 9, 8, 7, 6, 4, 3, 2, 76, 75, 1, 23, 22, 21, 25, 24, 46]
  Najlepszy dystans: 110074.31742814115

Iteracja 8:
  Najlepsza trasa: [52, 55, 56, 57, 58, 59, 60, 40, 41, 61, 62, 63, 64, 73, 72, 71, 65, 66, 51, 49, 50, 67, 70, 68, 69, 47, 48, 44, 45, 46, 24, 25, 21, 22, 23, 1, 76, 75, 2, 3, 4, 20, 5, 6, 7, 8, 9, 10, 12, 13, 14, 74, 15, 16, 11, 17, 18, 37, 36, 38, 39, 34, 35, 33, 32, 19, 31, 30, 29, 26, 27, 28, 43, 42, 54, 53, 52]
  Najlepszy dystans: 108911.86465722488

Iteracja 9:
  Najlepsza trasa: [73, 72, 71, 65, 66, 51, 56, 55, 52, 53, 54, 42, 43, 28, 29, 30, 31, 19, 20, 26, 27, 49, 50, 67, 70, 68, 69, 47, 48, 44, 45, 46, 24, 25, 21, 22, 23, 1, 76, 75, 2, 3, 4, 5, 6, 7, 8, 9, 10, 11, 12, 13, 14, 74, 15, 16, 17, 18, 37, 36, 38, 39, 35, 32, 33, 34, 40, 41, 60, 59, 58, 57, 61, 62, 63, 64, 73]
  Najlepszy dystans: 109551.68551374022

Iteracja 10:
  Najlepsza trasa: [62, 57, 63, 64, 73, 72, 71, 65, 66, 51, 56, 55, 54, 53, 52, 49, 50, 67, 70, 68, 69, 47, 48, 44, 45, 46, 24, 25, 21, 22, 23, 1, 76, 75, 2, 3, 4, 6, 7, 8, 9, 10, 5, 20, 19, 31, 30, 29, 26, 27, 28, 43, 42, 33, 32, 34, 35, 36, 37, 18, 17, 11, 12, 13, 14, 74, 15, 16, 38, 39, 40, 41, 60, 59, 58, 61, 62]
  Najlepszy dystans: 109471.96820107057

Najlepsze rozwi¹zanie z 10 iteracji:
  Najlepsza trasa: [41, 61, 62, 63, 64, 73, 72, 71, 65, 66, 51, 49, 50, 67, 70, 68, 69, 47, 48, 44, 45, 46, 24, 25, 21, 22, 23, 1, 76, 75, 2, 3, 4, 31, 19, 20, 5, 6, 7, 8, 9, 10, 11, 12, 13, 14, 74, 15, 16, 17, 18, 37, 36, 38, 39, 40, 34, 35, 33, 32, 29, 30, 26, 27, 28, 43, 42, 54, 53, 52, 55, 56, 57, 58, 59, 60, 41]
  Najlepszy dystans: 108714.91040199433
Œrednia wartoœæ dystansu z 10 iteracji: 109430.52
Czas dzia³ania algorytmu: 511.27 sekund
