
Wyniki symulowanego wy¿arzania
Metoda ruchu: two_opt
Liczba epok: 25
Temperatura pocz¹tkowa: 10000
Sch³adzanie: 0.99
Liczba prób: 1000
Liczba iteracji: 10

Iteracja 1:
  Najlepsza trasa: [13, 24, 25, 12, 34, 1, 44, 11, 32, 39, 42, 33, 31, 37, 45, 26, 4, 46, 41, 14, 27, 21, 3, 8, 5, 35, 10, 23, 29, 17, 19, 30, 36, 18, 6, 20, 2, 15, 28, 40, 38, 7, 43, 47, 48, 22, 16, 9, 13]
  Najlepszy dystans: 37536

Iteracja 2:
  Najlepsza trasa: [16, 13, 39, 48, 40, 2, 24, 42, 41, 8, 1, 21, 23, 31, 46, 10, 22, 33, 26, 45, 20, 19, 6, 36, 7, 17, 43, 37, 27, 28, 5, 15, 35, 4, 29, 3, 38, 18, 30, 11, 9, 34, 14, 12, 32, 25, 47, 44, 16]
  Najlepszy dystans: 34906

Iteracja 3:
  Najlepsza trasa: [47, 2, 32, 12, 6, 30, 41, 3, 13, 14, 10, 24, 23, 7, 36, 34, 11, 4, 33, 16, 15, 43, 46, 28, 19, 27, 37, 20, 40, 9, 31, 5, 25, 39, 29, 21, 1, 44, 38, 17, 8, 48, 42, 26, 45, 35, 18, 22, 47]
  Najlepszy dystans: 35892

Iteracja 4:
  Najlepsza trasa: [25, 48, 26, 24, 4, 10, 35, 17, 42, 14, 38, 40, 41, 31, 30, 36, 1, 16, 22, 12, 5, 33, 45, 32, 29, 18, 13, 20, 6, 28, 3, 21, 9, 11, 39, 47, 44, 43, 37, 27, 19, 46, 7, 34, 15, 8, 2, 23, 25]
  Najlepszy dystans: 36966

Iteracja 5:
  Najlepsza trasa: [5, 25, 1, 34, 12, 21, 32, 45, 10, 33, 40, 14, 26, 29, 35, 4, 24, 18, 31, 27, 19, 47, 38, 8, 46, 3, 13, 9, 20, 16, 11, 22, 43, 17, 41, 44, 37, 30, 15, 6, 7, 39, 23, 2, 28, 36, 48, 42, 5]
  Najlepszy dystans: 35927

Iteracja 6:
  Najlepsza trasa: [40, 22, 5, 15, 34, 29, 13, 33, 37, 43, 8, 36, 23, 25, 39, 9, 19, 31, 30, 6, 11, 20, 42, 2, 26, 48, 3, 41, 35, 18, 46, 27, 44, 17, 38, 7, 28, 16, 47, 14, 32, 24, 45, 10, 4, 12, 21, 1, 40]
  Najlepszy dystans: 34259

Iteracja 7:
  Najlepsza trasa: [16, 38, 27, 44, 40, 9, 20, 13, 36, 28, 6, 43, 41, 34, 37, 8, 21, 12, 33, 48, 10, 31, 1, 17, 22, 29, 15, 39, 42, 23, 4, 32, 3, 25, 46, 11, 18, 7, 30, 19, 47, 14, 24, 2, 5, 45, 35, 26, 16]
  Najlepszy dystans: 36773

Iteracja 8:
  Najlepsza trasa: [32, 13, 35, 26, 4, 42, 24, 19, 27, 44, 11, 31, 38, 8, 17, 6, 28, 43, 18, 37, 47, 33, 36, 5, 48, 25, 14, 29, 10, 15, 12, 23, 46, 30, 1, 9, 2, 22, 41, 21, 40, 16, 34, 7, 45, 39, 20, 3, 32]
  Najlepszy dystans: 33240

Iteracja 9:
  Najlepsza trasa: [38, 31, 27, 18, 40, 36, 33, 23, 5, 42, 25, 4, 10, 24, 47, 44, 37, 7, 6, 22, 8, 3, 16, 1, 48, 9, 29, 14, 13, 21, 34, 43, 17, 2, 26, 20, 30, 35, 45, 19, 28, 41, 12, 11, 46, 15, 39, 32, 38]
  Najlepszy dystans: 35920

Iteracja 10:
  Najlepsza trasa: [34, 24, 42, 17, 27, 21, 40, 44, 20, 10, 45, 5, 41, 32, 35, 26, 13, 39, 22, 38, 30, 28, 4, 14, 3, 16, 1, 11, 23, 47, 29, 2, 48, 46, 9, 37, 25, 33, 36, 12, 15, 18, 8, 7, 31, 6, 43, 19, 34]
  Najlepszy dystans: 35158

Najlepsze rozwi¹zanie z 10 iteracji:
  Najlepsza trasa: [32, 13, 35, 26, 4, 42, 24, 19, 27, 44, 11, 31, 38, 8, 17, 6, 28, 43, 18, 37, 47, 33, 36, 5, 48, 25, 14, 29, 10, 15, 12, 23, 46, 30, 1, 9, 2, 22, 41, 21, 40, 16, 34, 7, 45, 39, 20, 3, 32]
  Najlepszy dystans: 33240
Œrednia wartoœæ dystansu z 10 iteracji: 35657.70
Czas dzia³ania algorytmu: 9.86 sekund
