
Wyniki symulowanego wy¿arzania
Metoda ruchu: two_opt
Liczba epok: 800
Temperatura pocz¹tkowa: 10000
Sch³adzanie: 0.9
Liczba prób: 1000
Liczba iteracji: 10

Iteracja 1:
  Najlepsza trasa: [27, 19, 37, 6, 28, 36, 7, 18, 44, 31, 38, 46, 33, 15, 40, 9, 8, 1, 16, 22, 3, 41, 34, 48, 5, 29, 2, 42, 26, 4, 35, 45, 10, 24, 32, 39, 21, 47, 13, 25, 14, 23, 11, 12, 20, 30, 43, 17, 27]
  Najlepszy dystans: 11040

Iteracja 2:
  Najlepsza trasa: [43, 30, 36, 33, 20, 12, 11, 23, 14, 25, 13, 47, 21, 39, 32, 24, 10, 45, 35, 4, 26, 42, 2, 29, 5, 48, 34, 41, 3, 22, 16, 1, 8, 9, 40, 15, 46, 38, 31, 44, 18, 7, 28, 6, 37, 19, 27, 17, 43]
  Najlepszy dystans: 11007

Iteracja 3:
  Najlepsza trasa: [18, 7, 28, 6, 37, 19, 27, 17, 43, 30, 36, 46, 33, 20, 47, 13, 21, 32, 39, 48, 5, 42, 10, 24, 45, 35, 4, 26, 2, 29, 41, 16, 22, 3, 34, 14, 25, 23, 11, 12, 15, 40, 9, 1, 8, 38, 31, 44, 18]
  Najlepszy dystans: 10802

Iteracja 4:
  Najlepsza trasa: [31, 44, 18, 7, 28, 6, 37, 19, 27, 17, 43, 30, 36, 46, 33, 15, 40, 12, 20, 47, 11, 23, 14, 25, 13, 21, 39, 32, 24, 45, 35, 4, 26, 10, 42, 2, 29, 5, 48, 34, 41, 3, 22, 16, 1, 8, 9, 38, 31]
  Najlepszy dystans: 10905

Iteracja 5:
  Najlepsza trasa: [17, 27, 19, 37, 6, 28, 7, 18, 44, 31, 38, 9, 8, 1, 16, 22, 3, 34, 41, 29, 2, 26, 4, 35, 45, 10, 24, 42, 5, 48, 39, 32, 21, 13, 25, 14, 23, 11, 47, 20, 12, 40, 15, 33, 46, 36, 30, 43, 17]
  Najlepszy dystans: 10725

Iteracja 6:
  Najlepsza trasa: [48, 5, 29, 34, 41, 16, 22, 3, 40, 9, 1, 8, 38, 31, 44, 18, 7, 28, 6, 37, 19, 27, 17, 43, 30, 36, 46, 33, 15, 12, 20, 47, 21, 13, 11, 23, 14, 25, 39, 32, 24, 10, 45, 35, 4, 26, 2, 42, 48]
  Najlepszy dystans: 10854

Iteracja 7:
  Najlepsza trasa: [41, 3, 22, 16, 1, 8, 9, 38, 31, 44, 18, 7, 28, 6, 37, 19, 27, 17, 43, 30, 36, 46, 40, 15, 33, 20, 12, 11, 23, 13, 47, 21, 39, 32, 24, 10, 45, 35, 4, 26, 42, 2, 29, 5, 48, 25, 14, 34, 41]
  Najlepszy dystans: 10945

Iteracja 8:
  Najlepsza trasa: [30, 43, 27, 17, 19, 37, 6, 7, 36, 46, 33, 20, 47, 13, 21, 39, 32, 24, 45, 35, 4, 26, 10, 42, 2, 29, 5, 48, 25, 14, 34, 41, 16, 22, 3, 23, 11, 12, 15, 40, 9, 1, 8, 38, 31, 44, 18, 28, 30]
  Najlepszy dystans: 10892

Iteracja 9:
  Najlepsza trasa: [8, 1, 9, 40, 15, 46, 33, 12, 11, 13, 25, 14, 23, 3, 22, 16, 41, 34, 29, 2, 26, 4, 35, 45, 10, 24, 42, 5, 48, 39, 32, 21, 47, 20, 30, 43, 17, 27, 19, 37, 6, 28, 36, 7, 18, 44, 31, 38, 8]
  Najlepszy dystans: 10798

Iteracja 10:
  Najlepsza trasa: [12, 33, 20, 47, 21, 13, 11, 23, 14, 25, 5, 48, 39, 32, 24, 10, 45, 35, 4, 26, 42, 2, 29, 34, 41, 16, 22, 3, 40, 9, 1, 8, 38, 31, 44, 18, 7, 28, 6, 37, 19, 27, 17, 43, 30, 36, 46, 15, 12]
  Najlepszy dystans: 10922

Najlepsze rozwi¹zanie z 10 iteracji:
  Najlepsza trasa: [17, 27, 19, 37, 6, 28, 7, 18, 44, 31, 38, 9, 8, 1, 16, 22, 3, 34, 41, 29, 2, 26, 4, 35, 45, 10, 24, 42, 5, 48, 39, 32, 21, 13, 25, 14, 23, 11, 47, 20, 12, 40, 15, 33, 46, 36, 30, 43, 17]
  Najlepszy dystans: 10725
Œrednia wartoœæ dystansu z 10 iteracji: 10889.00
Czas dzia³ania algorytmu: 309.08 sekund
