
Wyniki symulowanego wy¿arzania
Metoda ruchu: two_opt
Liczba epok: 800
Temperatura pocz¹tkowa: 10000
Sch³adzanie: 0.99
Liczba prób: 1000
Liczba iteracji: 10

Iteracja 1:
  Najlepsza trasa: [63, 64, 73, 72, 71, 65, 66, 51, 49, 50, 67, 70, 68, 69, 47, 48, 44, 45, 46, 24, 25, 21, 22, 23, 1, 76, 75, 2, 3, 4, 5, 6, 7, 8, 9, 10, 11, 12, 13, 14, 74, 15, 16, 17, 18, 37, 36, 38, 39, 34, 35, 32, 33, 29, 30, 31, 19, 20, 26, 27, 28, 43, 42, 54, 53, 52, 55, 56, 57, 58, 41, 40, 60, 59, 61, 62, 63]
  Najlepszy dystans: 108443.97588562132

Iteracja 2:
  Najlepsza trasa: [25, 24, 46, 45, 44, 48, 47, 69, 68, 70, 67, 50, 49, 51, 66, 65, 71, 72, 73, 64, 63, 62, 61, 41, 40, 60, 59, 58, 57, 56, 55, 52, 53, 54, 42, 43, 28, 27, 26, 30, 29, 32, 33, 35, 34, 39, 38, 36, 37, 18, 17, 16, 15, 74, 14, 13, 12, 11, 10, 9, 8, 7, 6, 5, 20, 19, 31, 4, 3, 2, 75, 76, 1, 23, 22, 21, 25]
  Najlepszy dystans: 108859.9864060324

Iteracja 3:
  Najlepsza trasa: [8, 7, 6, 4, 3, 2, 75, 76, 1, 23, 22, 21, 25, 24, 46, 45, 44, 48, 47, 69, 68, 70, 67, 50, 49, 52, 51, 66, 65, 56, 55, 58, 57, 71, 72, 73, 64, 63, 62, 61, 59, 60, 41, 40, 34, 39, 38, 16, 15, 74, 14, 13, 12, 11, 17, 18, 37, 36, 35, 32, 33, 28, 43, 42, 54, 53, 27, 26, 29, 30, 31, 19, 20, 5, 10, 9, 8]
  Najlepszy dystans: 110669.7063330316

Iteracja 4:
  Najlepsza trasa: [6, 7, 8, 9, 10, 11, 12, 13, 14, 74, 15, 16, 17, 18, 37, 36, 35, 38, 39, 41, 60, 59, 40, 34, 33, 32, 29, 30, 31, 19, 20, 26, 27, 28, 43, 42, 54, 53, 52, 55, 56, 57, 58, 61, 62, 63, 64, 73, 72, 71, 65, 66, 51, 49, 50, 67, 70, 68, 69, 47, 48, 44, 45, 46, 24, 25, 21, 22, 23, 1, 76, 75, 2, 3, 4, 5, 6]
  Najlepszy dystans: 108601.66027194908

Iteracja 5:
  Najlepsza trasa: [68, 69, 47, 48, 44, 45, 46, 24, 25, 21, 22, 23, 1, 76, 75, 2, 3, 4, 26, 27, 28, 33, 32, 29, 30, 31, 19, 20, 5, 6, 7, 8, 9, 10, 12, 13, 14, 74, 15, 16, 11, 17, 18, 37, 36, 38, 39, 35, 34, 40, 41, 60, 59, 58, 57, 61, 62, 63, 64, 73, 72, 71, 65, 66, 51, 56, 55, 52, 53, 54, 42, 43, 49, 50, 67, 70, 68]
  Najlepszy dystans: 109535.63967789216

Iteracja 6:
  Najlepsza trasa: [13, 12, 11, 10, 9, 8, 7, 6, 5, 20, 19, 31, 30, 29, 27, 26, 25, 21, 4, 3, 2, 75, 76, 1, 23, 22, 24, 46, 45, 44, 48, 47, 69, 68, 67, 70, 71, 72, 73, 64, 63, 62, 61, 41, 60, 59, 58, 57, 55, 56, 65, 66, 51, 50, 49, 52, 53, 54, 42, 43, 28, 33, 32, 34, 40, 39, 38, 35, 36, 37, 18, 17, 16, 15, 74, 14, 13]
  Najlepszy dystans: 112234.49252365764

Iteracja 7:
  Najlepsza trasa: [52, 53, 54, 42, 43, 28, 27, 26, 20, 19, 31, 30, 29, 32, 33, 35, 34, 40, 39, 38, 36, 37, 18, 17, 11, 16, 15, 74, 14, 13, 12, 10, 9, 8, 7, 6, 5, 4, 3, 2, 75, 76, 1, 23, 22, 21, 25, 24, 46, 45, 44, 48, 47, 69, 68, 70, 67, 50, 49, 51, 66, 65, 71, 72, 73, 64, 63, 57, 62, 61, 41, 60, 59, 58, 55, 56, 52]
  Najlepszy dystans: 109167.04887276069

Iteracja 8:
  Najlepsza trasa: [57, 61, 62, 63, 64, 73, 72, 71, 65, 66, 51, 52, 53, 54, 42, 43, 49, 50, 67, 70, 68, 69, 47, 48, 44, 45, 46, 24, 25, 21, 22, 23, 1, 76, 75, 2, 3, 4, 6, 7, 8, 9, 12, 13, 14, 74, 15, 16, 18, 37, 36, 17, 11, 10, 5, 20, 19, 31, 30, 29, 26, 27, 28, 33, 32, 35, 34, 38, 39, 40, 41, 60, 59, 58, 55, 56, 57]
  Najlepszy dystans: 110462.28702941332

Iteracja 9:
  Najlepsza trasa: [62, 63, 64, 73, 72, 71, 65, 66, 51, 49, 50, 67, 70, 68, 69, 47, 48, 44, 45, 46, 24, 25, 21, 22, 23, 1, 76, 75, 2, 3, 4, 20, 5, 6, 7, 8, 9, 10, 11, 12, 13, 14, 74, 15, 16, 17, 18, 37, 36, 38, 39, 41, 40, 34, 35, 33, 32, 19, 31, 30, 29, 26, 27, 28, 43, 42, 54, 53, 52, 55, 56, 57, 58, 59, 60, 61, 62]
  Najlepszy dystans: 108396.10492003983

Iteracja 10:
  Najlepsza trasa: [18, 37, 36, 35, 34, 32, 33, 28, 43, 27, 26, 29, 30, 31, 19, 20, 10, 9, 8, 7, 6, 5, 4, 3, 2, 75, 76, 1, 23, 22, 21, 25, 24, 46, 45, 44, 48, 47, 69, 68, 70, 67, 50, 49, 52, 53, 54, 42, 55, 56, 51, 66, 65, 71, 72, 73, 64, 63, 62, 61, 57, 58, 59, 60, 41, 40, 39, 38, 16, 15, 74, 14, 13, 12, 11, 17, 18]
  Najlepszy dystans: 109605.17555113394

Najlepsze rozwi¹zanie z 10 iteracji:
  Najlepsza trasa: [62, 63, 64, 73, 72, 71, 65, 66, 51, 49, 50, 67, 70, 68, 69, 47, 48, 44, 45, 46, 24, 25, 21, 22, 23, 1, 76, 75, 2, 3, 4, 20, 5, 6, 7, 8, 9, 10, 11, 12, 13, 14, 74, 15, 16, 17, 18, 37, 36, 38, 39, 41, 40, 34, 35, 33, 32, 19, 31, 30, 29, 26, 27, 28, 43, 42, 54, 53, 52, 55, 56, 57, 58, 59, 60, 61, 62]
  Najlepszy dystans: 108396.10492003983
Œrednia wartoœæ dystansu z 10 iteracji: 109597.61
Czas dzia³ania algorytmu: 447.31 sekund
