
Wyniki symulowanego wy¿arzania
Metoda ruchu: swap
Liczba epok: 800
Temperatura pocz¹tkowa: 10000
Sch³adzanie: 0.99
Liczba prób: 1000
Liczba iteracji: 10

Iteracja 1:
  Najlepsza trasa: [60, 59, 61, 62, 58, 56, 51, 66, 50, 49, 48, 44, 45, 46, 24, 22, 23, 1, 76, 75, 2, 21, 25, 43, 42, 54, 53, 52, 55, 57, 63, 64, 73, 72, 71, 65, 67, 70, 68, 69, 47, 27, 26, 20, 5, 4, 3, 6, 7, 8, 74, 14, 13, 15, 16, 17, 18, 37, 36, 35, 34, 32, 33, 28, 29, 30, 31, 19, 10, 9, 12, 11, 38, 39, 40, 41, 60]
  Najlepszy dystans: 125962.26041446488

Iteracja 2:
  Najlepsza trasa: [23, 1, 76, 75, 2, 8, 7, 6, 3, 4, 5, 20, 47, 69, 68, 70, 67, 65, 66, 51, 50, 49, 52, 53, 54, 42, 43, 29, 30, 31, 19, 11, 17, 16, 15, 74, 14, 13, 12, 9, 10, 24, 46, 45, 44, 48, 27, 28, 33, 32, 34, 35, 36, 37, 18, 38, 39, 40, 41, 60, 59, 58, 61, 62, 63, 64, 73, 72, 71, 57, 56, 55, 26, 25, 21, 22, 23]
  Najlepszy dystans: 133163.0598500316

Iteracja 3:
  Najlepsza trasa: [61, 60, 41, 39, 38, 18, 17, 37, 36, 35, 34, 40, 59, 58, 55, 56, 65, 66, 51, 52, 43, 28, 29, 31, 10, 12, 9, 6, 3, 4, 5, 20, 19, 30, 26, 27, 44, 48, 47, 50, 49, 53, 54, 42, 33, 32, 11, 16, 15, 13, 14, 74, 8, 7, 2, 75, 76, 1, 23, 22, 21, 25, 24, 46, 45, 69, 68, 67, 70, 71, 72, 73, 64, 63, 57, 62, 61]
  Najlepszy dystans: 128762.15330684492

Iteracja 4:
  Najlepsza trasa: [34, 35, 32, 33, 28, 29, 30, 31, 19, 20, 5, 10, 9, 11, 17, 18, 37, 36, 39, 38, 16, 15, 12, 13, 14, 74, 8, 7, 6, 4, 3, 2, 75, 76, 1, 23, 22, 21, 25, 24, 46, 45, 47, 69, 68, 70, 67, 48, 44, 26, 27, 43, 42, 54, 53, 52, 55, 57, 61, 62, 63, 64, 73, 72, 71, 65, 66, 50, 49, 51, 56, 58, 59, 60, 41, 40, 34]
  Najlepszy dystans: 116301.51916459948

Iteracja 5:
  Najlepsza trasa: [49, 53, 54, 42, 43, 28, 29, 4, 3, 7, 8, 6, 5, 20, 26, 27, 30, 31, 19, 10, 9, 11, 12, 13, 14, 74, 15, 16, 17, 18, 37, 36, 35, 32, 33, 34, 38, 39, 40, 41, 60, 59, 58, 55, 56, 57, 61, 62, 63, 64, 73, 72, 71, 65, 66, 51, 52, 25, 21, 2, 75, 76, 1, 23, 22, 24, 46, 45, 44, 48, 47, 69, 68, 70, 67, 50, 49]
  Najlepszy dystans: 121515.27824494777

Iteracja 6:
  Najlepsza trasa: [75, 2, 8, 7, 6, 3, 4, 21, 22, 24, 25, 26, 27, 29, 28, 43, 44, 48, 47, 49, 50, 51, 52, 53, 54, 42, 55, 56, 57, 58, 40, 34, 35, 33, 32, 30, 31, 19, 20, 5, 10, 9, 16, 15, 74, 14, 13, 12, 11, 17, 18, 37, 36, 38, 39, 41, 60, 59, 61, 62, 63, 64, 73, 72, 71, 65, 66, 67, 70, 68, 69, 45, 46, 23, 1, 76, 75]
  Najlepszy dystans: 126132.61123641084

Iteracja 7:
  Najlepsza trasa: [60, 55, 52, 49, 50, 51, 56, 57, 58, 59, 61, 62, 63, 64, 73, 72, 71, 65, 66, 53, 54, 42, 43, 28, 22, 23, 1, 76, 75, 2, 8, 7, 5, 20, 19, 31, 30, 35, 39, 38, 36, 37, 18, 17, 16, 15, 74, 14, 13, 12, 11, 10, 9, 6, 3, 4, 21, 25, 24, 46, 45, 47, 69, 68, 70, 67, 48, 44, 27, 26, 29, 32, 33, 34, 40, 41, 60]
  Najlepszy dystans: 124518.31680417163

Iteracja 8:
  Najlepsza trasa: [18, 38, 39, 61, 62, 64, 63, 57, 58, 59, 60, 41, 40, 34, 33, 53, 52, 49, 50, 67, 70, 68, 69, 47, 45, 46, 24, 21, 25, 26, 29, 30, 31, 19, 20, 5, 10, 9, 8, 7, 6, 4, 3, 2, 75, 76, 1, 23, 22, 27, 43, 42, 54, 55, 56, 73, 72, 71, 65, 66, 51, 48, 44, 28, 32, 35, 36, 37, 17, 11, 12, 13, 14, 74, 15, 16, 18]
  Najlepszy dystans: 130919.30860961876

Iteracja 9:
  Najlepsza trasa: [42, 43, 27, 26, 25, 21, 22, 23, 1, 76, 75, 2, 3, 4, 6, 7, 8, 9, 10, 5, 20, 19, 31, 30, 29, 28, 33, 32, 37, 18, 17, 16, 15, 74, 14, 13, 12, 11, 53, 52, 51, 56, 55, 58, 59, 60, 40, 34, 35, 36, 38, 39, 41, 61, 62, 57, 63, 64, 73, 72, 71, 65, 66, 50, 49, 67, 70, 68, 69, 47, 48, 44, 45, 46, 24, 54, 42]
  Najlepszy dystans: 125176.28204073229

Iteracja 10:
  Najlepsza trasa: [35, 39, 38, 36, 16, 15, 74, 14, 13, 12, 11, 17, 18, 37, 10, 9, 8, 7, 6, 4, 21, 25, 24, 22, 23, 1, 76, 75, 2, 3, 5, 20, 19, 31, 30, 26, 27, 29, 32, 33, 28, 43, 42, 54, 53, 52, 66, 65, 67, 70, 68, 69, 47, 46, 45, 44, 48, 49, 50, 51, 56, 55, 57, 63, 64, 71, 72, 73, 62, 61, 58, 59, 60, 41, 40, 34, 35]
  Najlepszy dystans: 119136.12187514803

Najlepsze rozwi¹zanie z 10 iteracji:
  Najlepsza trasa: [34, 35, 32, 33, 28, 29, 30, 31, 19, 20, 5, 10, 9, 11, 17, 18, 37, 36, 39, 38, 16, 15, 12, 13, 14, 74, 8, 7, 6, 4, 3, 2, 75, 76, 1, 23, 22, 21, 25, 24, 46, 45, 47, 69, 68, 70, 67, 48, 44, 26, 27, 43, 42, 54, 53, 52, 55, 57, 61, 62, 63, 64, 73, 72, 71, 65, 66, 50, 49, 51, 56, 58, 59, 60, 41, 40, 34]
  Najlepszy dystans: 116301.51916459948
Œrednia wartoœæ dystansu z 10 iteracji: 125158.69
Czas dzia³ania algorytmu: 400.57 sekund
