
Wyniki symulowanego wy¿arzania
Metoda ruchu: two_opt
Liczba epok: 800
Temperatura pocz¹tkowa: 10000
Sch³adzanie: 0.99
Liczba prób: 1000
Liczba iteracji: 10

Iteracja 1:
  Najlepsza trasa: [27, 26, 29, 30, 31, 19, 20, 5, 10, 9, 8, 7, 6, 4, 3, 2, 75, 76, 1, 23, 22, 21, 25, 24, 46, 45, 44, 48, 47, 69, 68, 70, 67, 50, 49, 52, 53, 54, 42, 55, 56, 51, 66, 65, 71, 72, 73, 64, 63, 57, 58, 62, 61, 59, 60, 41, 40, 39, 38, 16, 15, 74, 14, 13, 12, 11, 17, 18, 37, 36, 35, 34, 32, 33, 28, 43, 27]
  Najlepszy dystans: 109207.6649968257

Iteracja 2:
  Najlepsza trasa: [62, 63, 64, 73, 72, 71, 65, 66, 51, 56, 55, 42, 54, 53, 52, 49, 50, 67, 70, 68, 69, 47, 48, 44, 45, 46, 24, 25, 21, 22, 23, 1, 76, 75, 2, 3, 4, 26, 27, 43, 28, 33, 32, 29, 30, 31, 19, 20, 5, 6, 7, 8, 9, 10, 12, 13, 14, 74, 15, 16, 11, 17, 18, 37, 36, 38, 39, 35, 34, 40, 41, 60, 59, 58, 57, 61, 62]
  Najlepszy dystans: 109656.6579845011

Iteracja 3:
  Najlepsza trasa: [61, 62, 57, 63, 64, 73, 72, 71, 65, 66, 51, 56, 55, 42, 54, 53, 52, 49, 50, 67, 70, 68, 69, 47, 48, 44, 45, 46, 24, 25, 21, 22, 23, 1, 76, 75, 2, 3, 4, 6, 7, 8, 9, 12, 13, 14, 74, 15, 16, 11, 10, 5, 20, 19, 31, 30, 29, 26, 27, 43, 28, 33, 32, 34, 35, 36, 37, 17, 18, 38, 39, 40, 41, 60, 59, 58, 61]
  Najlepszy dystans: 109862.75485052315

Iteracja 4:
  Najlepsza trasa: [24, 46, 45, 44, 48, 47, 69, 68, 70, 67, 50, 49, 66, 65, 71, 72, 73, 64, 63, 62, 61, 58, 57, 56, 55, 51, 52, 53, 54, 42, 43, 28, 27, 26, 20, 19, 31, 30, 29, 32, 33, 34, 40, 59, 60, 41, 39, 38, 35, 36, 37, 18, 17, 16, 15, 74, 14, 13, 12, 11, 10, 9, 7, 8, 6, 5, 4, 3, 2, 76, 75, 1, 23, 22, 21, 25, 24]
  Najlepszy dystans: 110017.61620708855

Iteracja 5:
  Najlepsza trasa: [27, 26, 30, 31, 19, 20, 5, 10, 9, 8, 7, 6, 4, 3, 2, 75, 76, 1, 23, 22, 21, 25, 24, 46, 45, 44, 48, 47, 69, 68, 70, 67, 50, 49, 43, 42, 54, 53, 52, 51, 66, 65, 71, 72, 73, 64, 63, 57, 56, 55, 58, 62, 61, 59, 60, 41, 40, 39, 38, 16, 15, 74, 14, 13, 12, 11, 17, 18, 37, 36, 35, 34, 33, 32, 29, 28, 27]
  Najlepszy dystans: 109832.55411611643

Iteracja 6:
  Najlepsza trasa: [63, 64, 73, 72, 71, 65, 66, 51, 56, 55, 52, 53, 54, 42, 43, 49, 50, 67, 70, 68, 69, 47, 48, 44, 45, 46, 24, 25, 21, 22, 23, 1, 76, 75, 2, 3, 4, 20, 5, 6, 7, 8, 9, 10, 11, 12, 13, 14, 74, 15, 16, 17, 18, 37, 36, 35, 32, 19, 31, 30, 29, 26, 27, 28, 33, 34, 38, 39, 40, 41, 60, 59, 61, 62, 58, 57, 63]
  Najlepszy dystans: 109896.5003202966

Iteracja 7:
  Najlepsza trasa: [2, 3, 4, 5, 6, 7, 8, 9, 10, 11, 12, 13, 14, 74, 15, 16, 17, 18, 37, 36, 35, 38, 39, 41, 40, 34, 33, 32, 29, 30, 31, 19, 20, 26, 27, 28, 43, 42, 54, 53, 52, 49, 50, 51, 56, 55, 58, 59, 60, 61, 62, 57, 63, 64, 73, 72, 71, 65, 66, 67, 70, 68, 69, 47, 48, 44, 45, 46, 24, 25, 21, 22, 23, 1, 76, 75, 2]
  Najlepszy dystans: 109238.375824009

Iteracja 8:
  Najlepsza trasa: [33, 28, 43, 42, 54, 53, 27, 26, 20, 19, 31, 30, 29, 32, 35, 36, 37, 18, 17, 16, 15, 74, 14, 13, 12, 11, 10, 9, 8, 7, 6, 5, 4, 3, 2, 75, 76, 1, 23, 22, 21, 25, 24, 46, 45, 44, 48, 47, 69, 68, 70, 67, 50, 49, 52, 55, 56, 51, 66, 65, 71, 72, 73, 64, 63, 57, 58, 62, 61, 59, 60, 41, 40, 39, 38, 34, 33]
  Najlepszy dystans: 110060.09089878704

Iteracja 9:
  Najlepsza trasa: [14, 13, 12, 11, 10, 9, 8, 7, 6, 5, 20, 4, 3, 2, 76, 75, 1, 23, 22, 21, 25, 24, 46, 45, 44, 48, 47, 69, 68, 70, 67, 50, 49, 52, 53, 54, 43, 42, 55, 56, 51, 66, 65, 71, 72, 73, 64, 63, 62, 61, 57, 58, 59, 60, 41, 40, 39, 38, 34, 33, 28, 27, 26, 29, 30, 31, 19, 32, 35, 36, 37, 18, 17, 16, 15, 74, 14]
  Najlepszy dystans: 110086.68683542644

Iteracja 10:
  Najlepsza trasa: [44, 48, 47, 69, 68, 70, 67, 50, 49, 51, 66, 65, 71, 72, 73, 64, 63, 57, 62, 61, 41, 60, 59, 58, 56, 55, 52, 53, 54, 42, 43, 28, 27, 26, 29, 30, 31, 19, 32, 33, 34, 40, 39, 38, 35, 36, 37, 18, 17, 16, 15, 74, 14, 13, 12, 11, 10, 9, 8, 7, 6, 5, 20, 4, 3, 2, 75, 76, 1, 23, 22, 21, 25, 24, 46, 45, 44]
  Najlepszy dystans: 108809.50720215993

Najlepsze rozwi¹zanie z 10 iteracji:
  Najlepsza trasa: [44, 48, 47, 69, 68, 70, 67, 50, 49, 51, 66, 65, 71, 72, 73, 64, 63, 57, 62, 61, 41, 60, 59, 58, 56, 55, 52, 53, 54, 42, 43, 28, 27, 26, 29, 30, 31, 19, 32, 33, 34, 40, 39, 38, 35, 36, 37, 18, 17, 16, 15, 74, 14, 13, 12, 11, 10, 9, 8, 7, 6, 5, 20, 4, 3, 2, 75, 76, 1, 23, 22, 21, 25, 24, 46, 45, 44]
  Najlepszy dystans: 108809.50720215993
Œrednia wartoœæ dystansu z 10 iteracji: 109666.84
Czas dzia³ania algorytmu: 410.16 sekund
