
Wyniki symulowanego wy¿arzania
Metoda ruchu: insert
Liczba epok: 800
Temperatura pocz¹tkowa: 10000
Sch³adzanie: 0.99
Liczba prób: 1000
Liczba iteracji: 10

Iteracja 1:
  Najlepsza trasa: [28, 27, 26, 29, 30, 31, 10, 9, 11, 12, 13, 14, 74, 15, 16, 17, 18, 37, 36, 38, 39, 35, 34, 40, 41, 60, 59, 58, 57, 61, 62, 63, 64, 73, 72, 71, 70, 67, 68, 69, 47, 48, 44, 45, 46, 24, 25, 21, 22, 23, 1, 76, 75, 2, 8, 7, 6, 3, 4, 5, 20, 19, 32, 33, 54, 53, 52, 49, 50, 51, 66, 65, 56, 55, 42, 43, 28]
  Najlepszy dystans: 113333.32428138012

Iteracja 2:
  Najlepsza trasa: [70, 67, 50, 49, 55, 56, 57, 58, 59, 60, 41, 61, 62, 63, 64, 73, 72, 71, 65, 66, 51, 52, 53, 54, 42, 43, 28, 27, 26, 20, 19, 31, 30, 29, 32, 33, 35, 34, 40, 39, 38, 36, 37, 18, 17, 16, 15, 74, 14, 13, 12, 11, 10, 9, 8, 7, 6, 5, 4, 3, 2, 75, 76, 1, 23, 22, 21, 25, 24, 46, 45, 44, 48, 47, 69, 68, 70]
  Najlepszy dystans: 108981.19830983927

Iteracja 3:
  Najlepsza trasa: [70, 67, 50, 49, 43, 42, 54, 53, 52, 55, 57, 63, 64, 73, 72, 71, 65, 66, 51, 56, 58, 62, 61, 59, 60, 41, 40, 34, 35, 39, 38, 36, 37, 18, 17, 16, 15, 74, 14, 13, 12, 11, 9, 10, 31, 30, 29, 26, 27, 28, 33, 32, 19, 20, 5, 4, 3, 6, 7, 8, 2, 75, 76, 1, 23, 22, 21, 25, 24, 46, 45, 44, 48, 47, 69, 68, 70]
  Najlepszy dystans: 112377.11082515778

Iteracja 4:
  Najlepsza trasa: [10, 9, 8, 7, 6, 5, 4, 3, 2, 75, 76, 1, 23, 22, 21, 25, 24, 46, 45, 44, 27, 26, 20, 19, 31, 30, 29, 32, 33, 28, 43, 42, 54, 53, 52, 50, 49, 48, 47, 69, 68, 70, 67, 65, 66, 51, 56, 55, 58, 61, 62, 73, 72, 71, 64, 63, 57, 59, 60, 41, 40, 34, 35, 39, 38, 36, 37, 18, 17, 16, 15, 74, 14, 13, 12, 11, 10]
  Najlepszy dystans: 113367.53101480394

Iteracja 5:
  Najlepsza trasa: [64, 63, 62, 61, 41, 40, 34, 35, 33, 32, 29, 26, 27, 28, 43, 42, 54, 53, 52, 55, 56, 57, 58, 59, 60, 39, 38, 36, 37, 18, 17, 16, 15, 74, 14, 13, 12, 11, 9, 10, 19, 31, 30, 20, 5, 6, 8, 7, 3, 4, 2, 75, 76, 1, 23, 22, 21, 25, 24, 46, 45, 44, 48, 47, 69, 68, 70, 67, 50, 49, 51, 66, 65, 71, 72, 73, 64]
  Najlepszy dystans: 110427.87295458569

Iteracja 6:
  Najlepsza trasa: [69, 68, 70, 67, 65, 66, 51, 52, 53, 54, 42, 43, 44, 45, 46, 24, 25, 26, 27, 28, 33, 32, 29, 30, 31, 19, 20, 21, 22, 23, 1, 76, 75, 2, 3, 4, 5, 6, 7, 8, 9, 10, 11, 12, 13, 14, 74, 15, 16, 17, 18, 37, 36, 38, 39, 35, 34, 40, 41, 60, 59, 61, 62, 73, 72, 71, 64, 63, 57, 58, 55, 56, 50, 49, 48, 47, 69]
  Najlepszy dystans: 116903.89334930769

Iteracja 7:
  Najlepsza trasa: [66, 65, 71, 72, 73, 64, 63, 62, 61, 41, 60, 59, 58, 57, 56, 55, 52, 53, 54, 42, 43, 28, 27, 26, 25, 22, 23, 1, 76, 75, 2, 3, 5, 20, 19, 31, 30, 29, 32, 33, 35, 34, 40, 39, 38, 36, 37, 18, 17, 16, 15, 74, 14, 13, 12, 11, 10, 9, 8, 7, 6, 4, 21, 24, 46, 45, 44, 48, 47, 69, 68, 70, 67, 50, 49, 51, 66]
  Najlepszy dystans: 112417.80605602766

Iteracja 8:
  Najlepsza trasa: [64, 73, 72, 71, 65, 66, 51, 56, 55, 52, 53, 27, 26, 21, 22, 23, 1, 76, 75, 2, 8, 7, 6, 5, 20, 19, 31, 30, 29, 28, 43, 42, 54, 49, 50, 67, 70, 68, 69, 47, 48, 44, 45, 46, 24, 25, 4, 3, 9, 10, 11, 12, 13, 14, 74, 15, 16, 17, 18, 37, 36, 35, 32, 33, 34, 38, 39, 40, 41, 60, 59, 61, 62, 58, 57, 63, 64]
  Najlepszy dystans: 114832.70895808277

Iteracja 9:
  Najlepsza trasa: [6, 7, 8, 75, 76, 1, 2, 3, 20, 19, 31, 30, 29, 32, 35, 36, 37, 18, 38, 39, 40, 34, 33, 28, 26, 27, 43, 42, 54, 53, 52, 55, 56, 57, 58, 59, 60, 41, 61, 62, 63, 64, 73, 72, 71, 65, 66, 51, 49, 50, 67, 70, 68, 69, 47, 48, 44, 45, 46, 24, 25, 21, 22, 23, 4, 5, 10, 11, 17, 16, 15, 74, 14, 13, 12, 9, 6]
  Najlepszy dystans: 117132.3648582231

Iteracja 10:
  Najlepsza trasa: [31, 19, 20, 30, 29, 26, 27, 44, 48, 47, 45, 46, 24, 25, 21, 22, 23, 1, 76, 75, 2, 3, 4, 5, 6, 7, 8, 9, 10, 11, 12, 13, 14, 74, 15, 16, 17, 18, 37, 36, 35, 33, 28, 43, 42, 54, 53, 52, 49, 50, 69, 68, 70, 67, 65, 66, 51, 56, 55, 58, 57, 63, 64, 71, 72, 73, 62, 61, 59, 60, 41, 40, 39, 38, 34, 32, 31]
  Najlepszy dystans: 114155.90593346952

Najlepsze rozwi¹zanie z 10 iteracji:
  Najlepsza trasa: [70, 67, 50, 49, 55, 56, 57, 58, 59, 60, 41, 61, 62, 63, 64, 73, 72, 71, 65, 66, 51, 52, 53, 54, 42, 43, 28, 27, 26, 20, 19, 31, 30, 29, 32, 33, 35, 34, 40, 39, 38, 36, 37, 18, 17, 16, 15, 74, 14, 13, 12, 11, 10, 9, 8, 7, 6, 5, 4, 3, 2, 75, 76, 1, 23, 22, 21, 25, 24, 46, 45, 44, 48, 47, 69, 68, 70]
  Najlepszy dystans: 108981.19830983927
Œrednia wartoœæ dystansu z 10 iteracji: 113392.97
Czas dzia³ania algorytmu: 401.59 sekund
