
Wyniki symulowanego wy¿arzania
Metoda ruchu: insert
Liczba epok: 800
Temperatura pocz¹tkowa: 10000
Sch³adzanie: 0.99
Liczba prób: 1000
Liczba iteracji: 10

Iteracja 1:
  Najlepsza trasa: [44, 31, 38, 9, 8, 1, 16, 22, 3, 23, 11, 21, 32, 39, 48, 5, 42, 24, 10, 45, 35, 4, 26, 2, 29, 41, 34, 14, 25, 13, 47, 20, 12, 40, 15, 33, 46, 36, 30, 43, 17, 27, 19, 37, 6, 28, 7, 18, 44]
  Najlepszy dystans: 10937

Iteracja 2:
  Najlepsza trasa: [18, 44, 31, 38, 8, 1, 9, 40, 3, 22, 16, 41, 34, 29, 2, 26, 4, 35, 45, 10, 24, 42, 5, 48, 39, 32, 21, 13, 25, 14, 23, 11, 47, 20, 12, 15, 33, 46, 36, 6, 37, 19, 27, 17, 43, 30, 28, 7, 18]
  Najlepszy dystans: 10683

Iteracja 3:
  Najlepsza trasa: [20, 47, 21, 32, 39, 48, 5, 42, 24, 10, 45, 35, 4, 26, 2, 29, 34, 41, 16, 22, 3, 23, 14, 25, 13, 11, 12, 33, 46, 36, 30, 43, 17, 27, 19, 37, 6, 28, 7, 18, 44, 31, 38, 8, 1, 9, 40, 15, 20]
  Najlepszy dystans: 10772

Iteracja 4:
  Najlepsza trasa: [14, 25, 39, 32, 48, 5, 42, 24, 10, 45, 35, 4, 26, 2, 29, 34, 41, 16, 22, 3, 23, 11, 12, 33, 46, 36, 30, 43, 17, 27, 19, 37, 6, 28, 7, 18, 44, 31, 38, 8, 1, 9, 40, 15, 20, 47, 21, 13, 14]
  Najlepszy dystans: 10797

Iteracja 5:
  Najlepsza trasa: [17, 43, 30, 36, 46, 33, 15, 12, 20, 47, 11, 23, 14, 25, 13, 21, 32, 39, 48, 5, 42, 24, 10, 45, 35, 4, 26, 2, 29, 34, 41, 16, 22, 3, 40, 9, 1, 8, 38, 31, 44, 18, 7, 28, 6, 37, 19, 27, 17]
  Najlepszy dystans: 10648

Iteracja 6:
  Najlepsza trasa: [30, 36, 46, 33, 20, 12, 15, 40, 3, 23, 11, 47, 21, 13, 48, 5, 29, 2, 42, 26, 4, 35, 45, 10, 24, 32, 39, 25, 14, 34, 41, 16, 22, 1, 8, 9, 38, 31, 44, 18, 7, 28, 6, 37, 19, 27, 17, 43, 30]
  Najlepszy dystans: 10885

Iteracja 7:
  Najlepsza trasa: [8, 9, 38, 31, 44, 18, 7, 28, 30, 43, 17, 27, 19, 37, 6, 36, 46, 33, 20, 47, 21, 39, 32, 24, 10, 45, 35, 4, 26, 42, 2, 29, 5, 48, 25, 14, 13, 23, 11, 12, 15, 40, 3, 34, 41, 16, 22, 1, 8]
  Najlepszy dystans: 10773

Iteracja 8:
  Najlepsza trasa: [9, 40, 3, 22, 16, 41, 34, 29, 2, 26, 4, 35, 45, 10, 24, 42, 5, 48, 39, 32, 21, 13, 25, 14, 23, 11, 47, 20, 12, 15, 33, 46, 36, 30, 43, 17, 27, 19, 37, 6, 28, 7, 18, 44, 31, 38, 8, 1, 9]
  Najlepszy dystans: 10648

Iteracja 9:
  Najlepsza trasa: [28, 7, 18, 44, 31, 38, 9, 8, 1, 16, 22, 3, 23, 11, 13, 25, 14, 34, 41, 29, 2, 26, 4, 35, 45, 10, 24, 42, 5, 48, 39, 32, 21, 47, 20, 12, 40, 15, 33, 46, 36, 30, 43, 17, 27, 19, 37, 6, 28]
  Najlepszy dystans: 10770

Iteracja 10:
  Najlepsza trasa: [48, 21, 13, 23, 11, 47, 20, 12, 15, 33, 46, 36, 30, 43, 17, 27, 19, 37, 6, 28, 7, 18, 44, 31, 38, 8, 1, 9, 40, 3, 22, 16, 41, 34, 14, 25, 39, 32, 24, 10, 45, 35, 4, 26, 42, 2, 29, 5, 48]
  Najlepszy dystans: 10935

Najlepsze rozwi¹zanie z 10 iteracji:
  Najlepsza trasa: [17, 43, 30, 36, 46, 33, 15, 12, 20, 47, 11, 23, 14, 25, 13, 21, 32, 39, 48, 5, 42, 24, 10, 45, 35, 4, 26, 2, 29, 34, 41, 16, 22, 3, 40, 9, 1, 8, 38, 31, 44, 18, 7, 28, 6, 37, 19, 27, 17]
  Najlepszy dystans: 10648
Œrednia wartoœæ dystansu z 10 iteracji: 10784.80
Czas dzia³ania algorytmu: 305.98 sekund
