
Wyniki symulowanego wy¿arzania
Metoda ruchu: two_opt
Liczba epok: 800
Temperatura pocz¹tkowa: 20000
Sch³adzanie: 0.99
Liczba prób: 1000
Liczba iteracji: 10

Iteracja 1:
  Najlepsza trasa: [76, 75, 2, 3, 4, 20, 5, 6, 7, 8, 9, 10, 11, 12, 13, 14, 74, 15, 16, 17, 18, 37, 36, 38, 39, 40, 34, 35, 33, 32, 19, 31, 30, 29, 26, 27, 28, 43, 42, 54, 53, 52, 55, 56, 57, 58, 59, 60, 41, 61, 62, 63, 64, 73, 72, 71, 65, 66, 51, 49, 50, 67, 70, 68, 69, 47, 48, 44, 45, 46, 24, 25, 21, 22, 23, 1, 76]
  Najlepszy dystans: 108280.45658074667

Iteracja 2:
  Najlepsza trasa: [15, 16, 17, 18, 37, 36, 38, 39, 35, 32, 29, 30, 31, 19, 20, 26, 27, 28, 43, 53, 54, 42, 33, 34, 40, 41, 60, 59, 58, 55, 56, 57, 61, 62, 63, 64, 73, 72, 71, 65, 66, 51, 52, 49, 50, 67, 70, 68, 69, 47, 48, 44, 45, 46, 24, 25, 21, 22, 23, 1, 76, 75, 2, 3, 4, 5, 6, 7, 8, 9, 10, 11, 12, 13, 14, 74, 15]
  Najlepszy dystans: 110614.9990980578

Iteracja 3:
  Najlepsza trasa: [59, 61, 62, 63, 64, 73, 72, 71, 65, 66, 51, 49, 50, 67, 70, 68, 69, 47, 48, 44, 45, 46, 24, 25, 21, 22, 23, 1, 75, 76, 2, 3, 4, 5, 6, 7, 8, 10, 9, 12, 13, 14, 74, 15, 16, 11, 17, 18, 37, 36, 38, 39, 40, 34, 35, 33, 32, 31, 19, 20, 30, 29, 26, 27, 28, 43, 42, 54, 53, 52, 55, 56, 57, 58, 41, 60, 59]
  Najlepszy dystans: 109271.22837515552

Iteracja 4:
  Najlepsza trasa: [46, 24, 25, 21, 22, 23, 1, 76, 75, 2, 4, 3, 7, 8, 6, 5, 20, 19, 31, 30, 29, 26, 27, 43, 28, 33, 32, 34, 35, 11, 10, 9, 12, 13, 14, 74, 15, 16, 17, 18, 37, 36, 38, 39, 40, 41, 60, 59, 61, 62, 58, 57, 63, 64, 73, 72, 71, 65, 66, 51, 56, 55, 42, 54, 53, 52, 49, 50, 67, 70, 68, 69, 47, 48, 44, 45, 46]
  Najlepszy dystans: 110042.10349145212

Iteracja 5:
  Najlepsza trasa: [2, 3, 4, 31, 19, 20, 5, 6, 7, 8, 9, 10, 12, 13, 14, 74, 15, 16, 11, 17, 18, 37, 36, 38, 39, 34, 35, 33, 32, 29, 30, 26, 27, 28, 43, 42, 54, 53, 52, 49, 50, 51, 56, 55, 57, 58, 59, 60, 40, 41, 61, 62, 63, 64, 73, 72, 71, 65, 66, 67, 70, 68, 69, 47, 48, 44, 45, 46, 24, 25, 21, 22, 23, 1, 76, 75, 2]
  Najlepszy dystans: 110233.1319563715

Iteracja 6:
  Najlepsza trasa: [17, 18, 37, 36, 35, 34, 32, 33, 28, 43, 42, 54, 53, 27, 26, 29, 30, 31, 19, 20, 5, 6, 8, 7, 3, 4, 2, 75, 76, 1, 23, 22, 21, 25, 24, 46, 45, 44, 48, 47, 69, 68, 70, 67, 50, 49, 52, 55, 56, 51, 66, 65, 71, 72, 73, 64, 63, 57, 62, 61, 58, 59, 60, 41, 40, 39, 38, 16, 15, 74, 14, 13, 12, 9, 10, 11, 17]
  Najlepszy dystans: 110206.76583484856

Iteracja 7:
  Najlepsza trasa: [35, 32, 33, 29, 30, 31, 19, 20, 26, 27, 28, 43, 42, 54, 53, 52, 55, 56, 58, 60, 41, 40, 59, 61, 62, 57, 63, 64, 73, 72, 71, 65, 66, 51, 49, 50, 67, 70, 68, 69, 47, 48, 44, 45, 46, 24, 25, 21, 22, 23, 1, 76, 75, 2, 3, 4, 5, 6, 7, 8, 9, 10, 11, 12, 13, 14, 74, 15, 16, 17, 18, 37, 36, 38, 39, 34, 35]
  Najlepszy dystans: 108965.90491488585

Iteracja 8:
  Najlepsza trasa: [66, 65, 71, 72, 73, 64, 63, 57, 62, 61, 41, 40, 60, 59, 58, 56, 55, 52, 53, 54, 42, 43, 28, 27, 26, 29, 30, 31, 32, 33, 35, 34, 39, 38, 36, 37, 18, 17, 16, 15, 74, 14, 13, 12, 11, 10, 9, 8, 7, 6, 5, 19, 20, 4, 3, 2, 75, 76, 1, 23, 22, 21, 25, 24, 46, 45, 44, 48, 47, 69, 68, 70, 67, 50, 49, 51, 66]
  Najlepszy dystans: 109260.74206841995

Iteracja 9:
  Najlepsza trasa: [18, 17, 16, 15, 74, 14, 13, 12, 11, 10, 9, 8, 7, 6, 5, 20, 19, 31, 30, 4, 3, 2, 75, 76, 1, 23, 22, 21, 25, 24, 46, 45, 44, 48, 47, 69, 68, 70, 67, 50, 49, 52, 51, 66, 65, 71, 72, 73, 64, 63, 62, 61, 59, 58, 57, 56, 55, 53, 54, 42, 43, 28, 27, 26, 29, 32, 33, 34, 60, 41, 40, 39, 38, 35, 36, 37, 18]
  Najlepszy dystans: 109337.12536030126

Iteracja 10:
  Najlepsza trasa: [32, 29, 30, 31, 19, 20, 26, 27, 28, 43, 42, 54, 53, 52, 55, 56, 57, 58, 59, 60, 41, 61, 62, 63, 64, 73, 72, 71, 65, 66, 51, 49, 50, 67, 70, 68, 69, 47, 48, 44, 45, 46, 24, 25, 21, 22, 23, 1, 76, 75, 2, 3, 4, 5, 10, 9, 6, 7, 8, 74, 14, 13, 12, 11, 15, 16, 17, 18, 37, 36, 38, 39, 40, 34, 35, 33, 32]
  Najlepszy dystans: 109196.0338708374

Najlepsze rozwi¹zanie z 10 iteracji:
  Najlepsza trasa: [76, 75, 2, 3, 4, 20, 5, 6, 7, 8, 9, 10, 11, 12, 13, 14, 74, 15, 16, 17, 18, 37, 36, 38, 39, 40, 34, 35, 33, 32, 19, 31, 30, 29, 26, 27, 28, 43, 42, 54, 53, 52, 55, 56, 57, 58, 59, 60, 41, 61, 62, 63, 64, 73, 72, 71, 65, 66, 51, 49, 50, 67, 70, 68, 69, 47, 48, 44, 45, 46, 24, 25, 21, 22, 23, 1, 76]
  Najlepszy dystans: 108280.45658074667
Œrednia wartoœæ dystansu z 10 iteracji: 109540.85
Czas dzia³ania algorytmu: 410.82 sekund
