
Wyniki symulowanego wy¿arzania
Metoda ruchu: two_opt
Liczba epok: 800
Temperatura pocz¹tkowa: 10000
Sch³adzanie: 0.95
Liczba prób: 1000
Liczba iteracji: 10

Iteracja 1:
  Najlepsza trasa: [42, 5, 48, 39, 32, 21, 47, 13, 25, 14, 23, 11, 40, 15, 12, 20, 33, 46, 36, 30, 43, 17, 27, 19, 37, 6, 28, 7, 18, 44, 31, 38, 9, 8, 1, 16, 22, 3, 34, 41, 29, 2, 26, 4, 35, 45, 10, 24, 42]
  Najlepszy dystans: 10711

Iteracja 2:
  Najlepsza trasa: [12, 11, 23, 3, 22, 16, 41, 34, 14, 13, 25, 39, 48, 5, 29, 2, 42, 10, 26, 4, 35, 45, 24, 32, 21, 47, 20, 33, 46, 36, 30, 43, 17, 27, 19, 37, 6, 28, 7, 18, 44, 31, 38, 8, 1, 9, 40, 15, 12]
  Najlepszy dystans: 10793

Iteracja 3:
  Najlepsza trasa: [29, 41, 34, 3, 22, 16, 1, 8, 9, 38, 31, 44, 18, 7, 28, 6, 37, 19, 27, 17, 43, 30, 36, 46, 33, 20, 12, 15, 40, 23, 11, 47, 21, 13, 14, 25, 39, 32, 48, 5, 42, 24, 10, 45, 35, 4, 26, 2, 29]
  Najlepszy dystans: 10850

Iteracja 4:
  Najlepsza trasa: [19, 27, 17, 43, 30, 36, 46, 15, 40, 12, 33, 20, 47, 21, 32, 39, 48, 5, 42, 24, 10, 45, 35, 4, 26, 2, 29, 41, 34, 14, 25, 13, 11, 23, 3, 22, 16, 1, 8, 9, 38, 31, 44, 18, 7, 28, 6, 37, 19]
  Najlepszy dystans: 10810

Iteracja 5:
  Najlepsza trasa: [18, 44, 31, 38, 9, 8, 1, 40, 3, 22, 16, 41, 34, 48, 5, 29, 2, 42, 26, 4, 35, 45, 10, 24, 32, 39, 25, 14, 23, 11, 13, 21, 47, 20, 12, 15, 33, 46, 36, 30, 43, 17, 27, 19, 37, 6, 28, 7, 18]
  Najlepszy dystans: 10801

Iteracja 6:
  Najlepsza trasa: [36, 30, 43, 17, 27, 19, 37, 6, 28, 7, 18, 44, 31, 38, 8, 1, 9, 40, 3, 22, 16, 41, 34, 29, 2, 26, 4, 35, 45, 10, 24, 42, 5, 48, 39, 32, 21, 47, 13, 25, 14, 23, 11, 15, 12, 20, 33, 46, 36]
  Najlepszy dystans: 10740

Iteracja 7:
  Najlepsza trasa: [21, 32, 39, 48, 5, 42, 24, 10, 45, 35, 4, 26, 2, 29, 14, 25, 13, 23, 3, 34, 41, 16, 22, 1, 8, 9, 40, 38, 31, 44, 18, 7, 28, 6, 37, 19, 27, 17, 43, 30, 36, 46, 15, 33, 20, 12, 11, 47, 21]
  Najlepszy dystans: 11091

Iteracja 8:
  Najlepsza trasa: [48, 25, 13, 11, 23, 14, 34, 41, 3, 22, 16, 1, 8, 9, 38, 31, 44, 18, 7, 28, 6, 37, 19, 27, 17, 43, 30, 36, 46, 15, 40, 12, 33, 20, 47, 21, 39, 32, 24, 10, 45, 35, 4, 26, 42, 2, 29, 5, 48]
  Najlepszy dystans: 10912

Iteracja 9:
  Najlepsza trasa: [36, 46, 33, 20, 47, 21, 39, 32, 24, 10, 45, 35, 4, 26, 42, 2, 29, 5, 48, 25, 14, 34, 41, 16, 22, 3, 23, 13, 11, 12, 15, 40, 9, 1, 8, 38, 31, 44, 18, 7, 28, 6, 37, 19, 27, 17, 43, 30, 36]
  Najlepszy dystans: 10747

Iteracja 10:
  Najlepsza trasa: [14, 13, 21, 47, 20, 33, 46, 36, 30, 43, 17, 27, 19, 37, 6, 28, 7, 18, 44, 31, 38, 8, 1, 9, 40, 15, 12, 11, 23, 3, 22, 16, 41, 34, 29, 2, 42, 26, 4, 35, 45, 10, 24, 32, 39, 48, 5, 25, 14]
  Najlepszy dystans: 10781

Najlepsze rozwi¹zanie z 10 iteracji:
  Najlepsza trasa: [42, 5, 48, 39, 32, 21, 47, 13, 25, 14, 23, 11, 40, 15, 12, 20, 33, 46, 36, 30, 43, 17, 27, 19, 37, 6, 28, 7, 18, 44, 31, 38, 9, 8, 1, 16, 22, 3, 34, 41, 29, 2, 26, 4, 35, 45, 10, 24, 42]
  Najlepszy dystans: 10711
Œrednia wartoœæ dystansu z 10 iteracji: 10823.60
Czas dzia³ania algorytmu: 304.68 sekund
