
Wyniki symulowanego wy¿arzania
Metoda ruchu: two_opt
Liczba epok: 1000
Temperatura pocz¹tkowa: 10000
Sch³adzanie: 0.99
Liczba prób: 1000
Liczba iteracji: 10

Iteracja 1:
  Najlepsza trasa: [38, 39, 42, 40, 43, 34, 30, 27, 31, 80, 79, 12, 14, 41, 36, 37, 35, 44, 103, 45, 54, 57, 121, 56, 124, 52, 5, 115, 13, 50, 51, 2, 16, 1, 7, 120, 10, 100, 64, 58, 91, 61, 62, 59, 60, 116, 90, 3, 9, 11, 114, 105, 15, 106, 6, 108, 20, 17, 21, 22, 4, 24, 23, 19, 8, 72, 18, 77, 74, 73, 67, 68, 71, 70, 69, 75, 76, 78, 117, 84, 81, 126, 82, 83, 101, 102, 63, 119, 96, 109, 88, 87, 86, 85, 110, 104, 125, 89, 92, 99, 65, 113, 66, 55, 47, 49, 53, 48, 118, 46, 94, 112, 111, 107, 127, 93, 95, 123, 97, 98, 32, 29, 28, 122, 33, 25, 26, 38]
  Najlepszy dystans: 119476.39853287462

Iteracja 2:
  Najlepsza trasa: [48, 118, 53, 47, 49, 46, 94, 112, 111, 107, 127, 93, 95, 123, 98, 97, 28, 122, 32, 29, 33, 25, 26, 38, 39, 42, 34, 43, 40, 35, 37, 36, 41, 30, 27, 31, 12, 14, 16, 1, 2, 50, 13, 115, 10, 120, 7, 105, 114, 6, 106, 15, 108, 20, 17, 21, 18, 77, 79, 80, 78, 76, 75, 117, 84, 81, 126, 82, 83, 101, 102, 63, 119, 96, 109, 88, 87, 86, 85, 110, 71, 70, 69, 68, 74, 73, 67, 8, 72, 19, 22, 4, 23, 24, 9, 11, 3, 100, 64, 58, 91, 61, 90, 116, 60, 62, 59, 104, 125, 89, 92, 99, 65, 113, 66, 55, 124, 52, 5, 56, 121, 51, 57, 54, 44, 103, 45, 48]
  Najlepszy dystans: 120785.37492227845

Iteracja 3:
  Najlepsza trasa: [35, 40, 43, 34, 42, 39, 38, 26, 25, 33, 122, 28, 29, 32, 98, 97, 123, 95, 93, 127, 107, 111, 112, 94, 46, 118, 48, 53, 49, 47, 55, 66, 113, 65, 99, 92, 89, 125, 104, 59, 62, 60, 116, 90, 61, 91, 58, 64, 100, 3, 11, 9, 8, 72, 19, 22, 4, 23, 24, 6, 108, 20, 17, 21, 18, 77, 74, 73, 67, 68, 76, 75, 69, 70, 71, 110, 85, 86, 87, 88, 109, 96, 119, 63, 102, 101, 83, 82, 126, 81, 84, 117, 78, 79, 80, 27, 31, 12, 14, 30, 41, 36, 37, 16, 1, 105, 15, 106, 114, 7, 120, 10, 115, 13, 50, 2, 51, 121, 5, 52, 124, 56, 57, 54, 45, 103, 44, 35]
  Najlepszy dystans: 120889.13313299434

Iteracja 4:
  Najlepsza trasa: [88, 87, 86, 85, 110, 104, 125, 89, 92, 99, 65, 113, 64, 58, 100, 91, 61, 62, 59, 60, 116, 90, 3, 11, 9, 24, 23, 19, 4, 22, 21, 17, 20, 108, 6, 106, 15, 12, 31, 27, 26, 25, 33, 29, 32, 122, 28, 38, 39, 42, 34, 43, 30, 14, 41, 36, 37, 35, 40, 44, 103, 45, 54, 57, 121, 51, 2, 16, 1, 7, 105, 114, 120, 10, 115, 13, 50, 5, 56, 52, 124, 66, 55, 47, 49, 53, 48, 118, 46, 94, 112, 111, 107, 127, 93, 95, 123, 97, 98, 101, 102, 83, 82, 126, 81, 84, 117, 75, 76, 78, 80, 79, 77, 18, 72, 8, 67, 73, 74, 68, 71, 70, 69, 63, 119, 96, 109, 88]
  Najlepszy dystans: 120688.90325284372

Iteracja 5:
  Najlepsza trasa: [45, 54, 57, 121, 56, 124, 52, 5, 50, 51, 2, 13, 115, 100, 64, 58, 91, 61, 62, 59, 60, 116, 90, 3, 10, 120, 7, 1, 16, 14, 12, 31, 27, 80, 79, 77, 18, 21, 17, 20, 108, 6, 106, 15, 105, 114, 11, 9, 24, 23, 4, 22, 19, 72, 8, 67, 73, 74, 68, 71, 70, 69, 75, 76, 78, 117, 84, 81, 126, 82, 83, 101, 102, 63, 119, 96, 109, 88, 87, 86, 85, 110, 104, 125, 89, 92, 99, 65, 113, 66, 55, 47, 49, 53, 48, 118, 46, 94, 112, 111, 107, 127, 93, 95, 123, 97, 98, 32, 29, 28, 122, 33, 25, 26, 38, 39, 42, 40, 43, 34, 30, 41, 36, 37, 35, 44, 103, 45]
  Najlepszy dystans: 119159.28265717413

Iteracja 6:
  Najlepsza trasa: [79, 77, 18, 74, 73, 67, 8, 72, 19, 23, 4, 22, 21, 17, 20, 12, 14, 41, 30, 31, 27, 26, 25, 33, 29, 32, 122, 28, 38, 39, 42, 34, 43, 40, 44, 103, 45, 54, 57, 121, 56, 124, 52, 5, 50, 115, 10, 120, 13, 2, 51, 35, 36, 37, 16, 1, 7, 105, 114, 6, 106, 15, 108, 24, 9, 11, 3, 100, 64, 58, 91, 61, 90, 116, 60, 62, 59, 104, 125, 89, 92, 99, 65, 113, 66, 55, 47, 49, 53, 48, 118, 46, 94, 112, 111, 107, 127, 93, 95, 123, 97, 98, 101, 102, 83, 82, 126, 63, 119, 96, 109, 88, 87, 86, 85, 110, 71, 68, 70, 69, 75, 76, 84, 81, 117, 78, 80, 79]
  Najlepszy dystans: 121186.715502258

Iteracja 7:
  Najlepsza trasa: [68, 67, 73, 74, 77, 18, 72, 8, 19, 23, 4, 22, 21, 17, 20, 108, 15, 106, 6, 24, 9, 11, 114, 105, 7, 120, 13, 115, 10, 3, 90, 116, 60, 59, 62, 61, 91, 100, 58, 64, 113, 65, 99, 92, 89, 125, 104, 110, 85, 86, 87, 88, 109, 96, 119, 63, 126, 82, 83, 102, 101, 98, 97, 123, 95, 93, 127, 107, 111, 112, 94, 46, 118, 48, 53, 49, 47, 55, 66, 124, 52, 5, 56, 121, 57, 54, 45, 103, 44, 51, 50, 2, 1, 16, 12, 14, 41, 36, 37, 35, 40, 43, 34, 42, 39, 38, 28, 122, 32, 29, 33, 25, 26, 30, 27, 31, 80, 79, 76, 78, 117, 84, 81, 75, 69, 70, 71, 68]
  Najlepszy dystans: 120803.64011610659

Iteracja 8:
  Najlepsza trasa: [87, 86, 85, 110, 71, 68, 67, 73, 74, 18, 77, 79, 80, 31, 27, 26, 25, 33, 29, 32, 122, 28, 38, 39, 42, 34, 43, 40, 35, 37, 36, 41, 30, 14, 12, 15, 106, 6, 108, 20, 17, 21, 22, 4, 19, 72, 8, 23, 24, 9, 11, 114, 105, 1, 16, 2, 51, 44, 103, 45, 54, 57, 121, 56, 124, 52, 5, 50, 115, 13, 7, 120, 10, 3, 90, 116, 60, 59, 62, 61, 91, 100, 58, 64, 113, 125, 104, 89, 92, 99, 65, 66, 55, 47, 49, 53, 48, 118, 46, 94, 112, 111, 107, 127, 93, 95, 123, 97, 98, 101, 102, 83, 82, 126, 81, 84, 117, 78, 76, 75, 70, 69, 63, 119, 96, 109, 88, 87]
  Najlepszy dystans: 121916.25532310702

Iteracja 9:
  Najlepsza trasa: [34, 43, 40, 42, 39, 38, 26, 25, 33, 122, 28, 29, 32, 98, 97, 123, 95, 93, 127, 107, 111, 112, 94, 46, 118, 48, 53, 49, 47, 55, 66, 124, 52, 5, 56, 121, 50, 13, 115, 10, 120, 2, 51, 57, 54, 45, 103, 44, 35, 36, 37, 16, 1, 7, 105, 114, 11, 9, 3, 90, 116, 60, 59, 62, 61, 91, 100, 58, 64, 113, 65, 99, 92, 89, 125, 104, 110, 85, 86, 87, 88, 109, 96, 119, 63, 102, 101, 83, 82, 126, 81, 84, 117, 78, 76, 75, 69, 70, 71, 68, 74, 73, 67, 8, 72, 19, 22, 4, 23, 24, 6, 106, 15, 108, 20, 17, 21, 18, 77, 79, 80, 27, 31, 12, 14, 41, 30, 34]
  Najlepszy dystans: 119448.71200293503

Iteracja 10:
  Najlepsza trasa: [75, 69, 70, 71, 68, 67, 73, 74, 76, 78, 117, 84, 81, 126, 82, 83, 102, 101, 98, 97, 28, 122, 32, 29, 33, 25, 26, 38, 39, 42, 34, 43, 40, 35, 36, 37, 16, 1, 12, 14, 41, 30, 27, 31, 80, 79, 77, 18, 72, 8, 19, 23, 24, 4, 22, 21, 17, 20, 108, 6, 106, 15, 105, 7, 114, 11, 9, 90, 116, 60, 59, 62, 61, 91, 58, 64, 100, 3, 10, 120, 13, 115, 50, 2, 51, 121, 5, 52, 124, 56, 57, 54, 44, 45, 103, 123, 95, 93, 127, 107, 111, 112, 94, 46, 118, 48, 53, 49, 47, 55, 66, 113, 65, 99, 92, 89, 125, 104, 110, 85, 86, 87, 88, 109, 96, 119, 63, 75]
  Najlepszy dystans: 122730.128310511

Najlepsze rozwi¹zanie z 10 iteracji:
  Najlepsza trasa: [45, 54, 57, 121, 56, 124, 52, 5, 50, 51, 2, 13, 115, 100, 64, 58, 91, 61, 62, 59, 60, 116, 90, 3, 10, 120, 7, 1, 16, 14, 12, 31, 27, 80, 79, 77, 18, 21, 17, 20, 108, 6, 106, 15, 105, 114, 11, 9, 24, 23, 4, 22, 19, 72, 8, 67, 73, 74, 68, 71, 70, 69, 75, 76, 78, 117, 84, 81, 126, 82, 83, 101, 102, 63, 119, 96, 109, 88, 87, 86, 85, 110, 104, 125, 89, 92, 99, 65, 113, 66, 55, 47, 49, 53, 48, 118, 46, 94, 112, 111, 107, 127, 93, 95, 123, 97, 98, 32, 29, 28, 122, 33, 25, 26, 38, 39, 42, 40, 43, 34, 30, 41, 36, 37, 35, 44, 103, 45]
  Najlepszy dystans: 119159.28265717413
Œrednia wartoœæ dystansu z 10 iteracji: 120708.45
Czas dzia³ania algorytmu: 1454.73 sekund
