
Wyniki symulowanego wy¿arzania
Metoda ruchu: swap
Liczba epok: 800
Temperatura pocz¹tkowa: 10000
Sch³adzanie: 0.99
Liczba prób: 1000
Liczba iteracji: 10

Iteracja 1:
  Najlepsza trasa: [54, 57, 51, 2, 50, 13, 114, 67, 71, 68, 73, 74, 77, 79, 80, 25, 33, 29, 32, 122, 28, 97, 98, 127, 107, 111, 112, 94, 46, 118, 49, 53, 48, 93, 95, 123, 42, 43, 34, 39, 38, 26, 30, 41, 36, 35, 37, 14, 15, 105, 16, 1, 7, 120, 10, 100, 3, 9, 8, 72, 19, 23, 24, 108, 20, 12, 31, 27, 40, 44, 103, 45, 47, 55, 66, 124, 52, 115, 18, 76, 75, 69, 70, 110, 85, 86, 87, 88, 109, 96, 119, 63, 102, 101, 83, 82, 126, 81, 84, 117, 78, 17, 21, 22, 4, 106, 6, 11, 90, 116, 60, 61, 91, 62, 59, 104, 125, 89, 92, 99, 65, 113, 64, 58, 5, 56, 121, 54]
  Najlepszy dystans: 141539.87844197862

Iteracja 2:
  Najlepsza trasa: [35, 51, 121, 56, 66, 113, 125, 62, 61, 90, 116, 60, 59, 67, 73, 74, 76, 75, 126, 82, 83, 102, 101, 98, 97, 123, 42, 34, 31, 27, 26, 25, 33, 29, 32, 122, 28, 38, 39, 95, 93, 127, 107, 111, 112, 94, 46, 118, 48, 53, 49, 47, 124, 52, 5, 10, 100, 64, 58, 91, 3, 11, 9, 23, 21, 17, 20, 15, 106, 1, 16, 2, 50, 115, 13, 120, 7, 105, 114, 6, 108, 24, 4, 22, 19, 72, 8, 68, 70, 69, 119, 63, 81, 84, 117, 78, 80, 79, 77, 18, 71, 109, 96, 88, 87, 86, 85, 110, 104, 89, 92, 99, 65, 55, 57, 54, 45, 103, 44, 40, 43, 30, 12, 14, 41, 36, 37, 35]
  Najlepszy dystans: 141681.57968820925

Iteracja 3:
  Najlepsza trasa: [73, 68, 71, 110, 85, 86, 87, 88, 109, 69, 75, 76, 77, 31, 93, 127, 98, 97, 123, 95, 42, 39, 34, 43, 41, 14, 12, 20, 17, 21, 22, 19, 23, 4, 108, 24, 9, 11, 100, 58, 64, 47, 112, 111, 107, 94, 46, 49, 53, 118, 48, 35, 37, 36, 38, 28, 122, 32, 29, 33, 25, 26, 27, 30, 40, 44, 103, 45, 54, 57, 1, 15, 18, 74, 70, 96, 119, 63, 102, 101, 83, 82, 126, 81, 84, 117, 78, 80, 79, 16, 2, 51, 121, 56, 5, 50, 13, 120, 10, 59, 104, 125, 89, 92, 99, 65, 113, 66, 55, 124, 52, 115, 7, 105, 106, 6, 114, 3, 91, 61, 62, 60, 116, 90, 8, 72, 67, 73]
  Najlepszy dystans: 150075.48112335388

Iteracja 4:
  Najlepsza trasa: [83, 102, 101, 98, 97, 28, 122, 32, 29, 33, 25, 38, 39, 42, 34, 43, 30, 27, 31, 12, 14, 16, 1, 7, 13, 50, 115, 120, 114, 6, 106, 15, 105, 2, 51, 57, 54, 121, 5, 56, 47, 49, 53, 48, 118, 46, 94, 93, 127, 107, 111, 112, 55, 124, 52, 10, 71, 70, 109, 110, 59, 62, 60, 116, 61, 91, 64, 58, 90, 67, 73, 74, 68, 75, 76, 77, 18, 72, 8, 19, 22, 4, 20, 108, 24, 23, 9, 11, 3, 100, 66, 113, 65, 99, 92, 89, 125, 104, 85, 86, 87, 88, 96, 119, 63, 69, 21, 17, 41, 36, 37, 35, 40, 44, 45, 103, 95, 123, 26, 80, 79, 78, 117, 84, 81, 126, 82, 83]
  Najlepszy dystans: 145980.76213693863

Iteracja 5:
  Najlepsza trasa: [122, 28, 97, 98, 123, 95, 42, 34, 43, 40, 37, 16, 1, 2, 51, 57, 54, 121, 5, 56, 55, 66, 113, 65, 99, 92, 89, 125, 104, 59, 9, 11, 108, 31, 27, 38, 39, 30, 15, 106, 6, 24, 23, 4, 22, 21, 17, 20, 12, 14, 41, 36, 35, 44, 45, 103, 93, 127, 107, 111, 112, 94, 46, 118, 48, 53, 49, 47, 124, 52, 90, 116, 60, 62, 61, 91, 58, 64, 100, 3, 10, 115, 50, 13, 120, 7, 105, 114, 19, 8, 72, 18, 77, 74, 73, 67, 68, 70, 71, 110, 85, 86, 87, 88, 109, 96, 69, 117, 32, 29, 33, 25, 84, 81, 126, 82, 83, 101, 102, 63, 119, 75, 76, 78, 79, 80, 26, 122]
  Najlepszy dystans: 141100.3837296543

Iteracja 6:
  Najlepsza trasa: [3, 11, 9, 24, 23, 19, 22, 4, 108, 6, 106, 15, 20, 17, 21, 18, 77, 79, 80, 78, 76, 69, 96, 109, 85, 86, 87, 88, 119, 63, 75, 33, 122, 28, 97, 123, 95, 103, 45, 44, 54, 57, 1, 7, 13, 115, 50, 121, 5, 52, 124, 55, 66, 100, 10, 120, 114, 105, 14, 41, 36, 37, 35, 40, 42, 39, 34, 43, 16, 2, 51, 56, 47, 49, 53, 48, 118, 46, 94, 112, 111, 107, 93, 127, 98, 101, 102, 83, 82, 126, 81, 84, 117, 32, 29, 25, 26, 38, 30, 27, 31, 12, 72, 8, 67, 73, 74, 68, 70, 71, 110, 104, 125, 89, 92, 99, 65, 113, 64, 58, 91, 61, 62, 59, 60, 116, 90, 3]
  Najlepszy dystans: 138991.86011351104

Iteracja 7:
  Najlepsza trasa: [100, 52, 124, 55, 47, 53, 118, 48, 44, 35, 40, 42, 26, 80, 79, 68, 71, 70, 85, 86, 87, 88, 119, 63, 102, 101, 98, 97, 123, 127, 107, 111, 112, 94, 46, 49, 56, 121, 5, 50, 13, 10, 11, 9, 23, 19, 72, 18, 77, 76, 78, 117, 84, 81, 126, 83, 82, 75, 69, 96, 109, 110, 104, 59, 60, 67, 73, 74, 8, 116, 62, 113, 125, 89, 92, 99, 65, 66, 115, 120, 7, 14, 30, 33, 32, 29, 25, 27, 31, 12, 20, 17, 21, 22, 4, 24, 108, 6, 106, 15, 1, 16, 36, 37, 2, 51, 57, 54, 45, 103, 93, 95, 28, 122, 38, 39, 34, 43, 41, 105, 114, 3, 90, 61, 91, 58, 64, 100]
  Najlepszy dystans: 149686.41440964348

Iteracja 8:
  Najlepsza trasa: [84, 75, 69, 70, 71, 68, 67, 60, 125, 89, 92, 99, 65, 113, 66, 55, 57, 35, 40, 37, 36, 41, 14, 12, 80, 78, 76, 74, 73, 18, 77, 79, 30, 43, 34, 39, 38, 42, 123, 95, 93, 103, 45, 44, 54, 48, 118, 53, 56, 121, 5, 50, 115, 13, 7, 114, 6, 24, 4, 22, 21, 17, 27, 26, 33, 122, 28, 32, 29, 25, 31, 20, 100, 64, 58, 91, 61, 62, 59, 104, 85, 86, 87, 88, 109, 117, 97, 98, 127, 107, 111, 112, 94, 46, 49, 47, 124, 52, 51, 2, 16, 1, 105, 106, 15, 108, 23, 19, 72, 8, 9, 11, 120, 10, 3, 90, 116, 110, 96, 119, 63, 102, 101, 83, 82, 126, 81, 84]
  Najlepszy dystans: 153211.41696601905

Iteracja 9:
  Najlepsza trasa: [16, 1, 7, 120, 13, 10, 3, 90, 116, 11, 9, 24, 23, 4, 108, 15, 106, 6, 114, 105, 2, 51, 121, 56, 5, 52, 124, 55, 66, 113, 65, 99, 92, 89, 125, 104, 110, 85, 86, 87, 88, 96, 109, 71, 67, 8, 72, 19, 22, 21, 17, 20, 12, 14, 41, 30, 43, 34, 39, 38, 33, 122, 28, 97, 98, 127, 107, 111, 112, 94, 46, 118, 48, 53, 49, 47, 54, 57, 50, 115, 100, 64, 58, 91, 61, 62, 60, 59, 70, 69, 119, 63, 75, 81, 84, 78, 76, 68, 73, 74, 18, 77, 79, 31, 27, 26, 123, 95, 93, 103, 45, 44, 80, 117, 126, 82, 83, 102, 101, 32, 29, 25, 42, 40, 35, 36, 37, 16]
  Najlepszy dystans: 144552.89640132152

Iteracja 10:
  Najlepsza trasa: [85, 86, 87, 88, 109, 96, 119, 63, 69, 68, 67, 9, 11, 114, 120, 10, 56, 47, 49, 118, 48, 53, 121, 2, 16, 12, 31, 27, 38, 39, 34, 43, 30, 41, 36, 37, 35, 44, 103, 45, 54, 57, 51, 105, 15, 106, 6, 108, 24, 23, 4, 22, 21, 19, 72, 8, 73, 74, 77, 79, 80, 78, 117, 83, 101, 102, 82, 126, 81, 84, 75, 76, 18, 17, 20, 40, 93, 107, 111, 112, 94, 46, 55, 100, 64, 58, 91, 61, 104, 125, 89, 92, 99, 65, 113, 66, 124, 52, 5, 50, 115, 13, 7, 1, 14, 26, 25, 33, 29, 32, 122, 28, 97, 98, 127, 95, 123, 42, 3, 90, 116, 60, 62, 59, 71, 70, 110, 85]
  Najlepszy dystans: 152428.6072342888

Najlepsze rozwi¹zanie z 10 iteracji:
  Najlepsza trasa: [3, 11, 9, 24, 23, 19, 22, 4, 108, 6, 106, 15, 20, 17, 21, 18, 77, 79, 80, 78, 76, 69, 96, 109, 85, 86, 87, 88, 119, 63, 75, 33, 122, 28, 97, 123, 95, 103, 45, 44, 54, 57, 1, 7, 13, 115, 50, 121, 5, 52, 124, 55, 66, 100, 10, 120, 114, 105, 14, 41, 36, 37, 35, 40, 42, 39, 34, 43, 16, 2, 51, 56, 47, 49, 53, 48, 118, 46, 94, 112, 111, 107, 93, 127, 98, 101, 102, 83, 82, 126, 81, 84, 117, 32, 29, 25, 26, 38, 30, 27, 31, 12, 72, 8, 67, 73, 74, 68, 70, 71, 110, 104, 125, 89, 92, 99, 65, 113, 64, 58, 91, 61, 62, 59, 60, 116, 90, 3]
  Najlepszy dystans: 138991.86011351104
Œrednia wartoœæ dystansu z 10 iteracji: 145924.93
Czas dzia³ania algorytmu: 633.05 sekund
