
Wyniki symulowanego wy¿arzania
Metoda ruchu: two_opt
Liczba epok: 800
Temperatura pocz¹tkowa: 10000
Sch³adzanie: 0.9
Liczba prób: 1000
Liczba iteracji: 10

Iteracja 1:
  Najlepsza trasa: [97, 123, 95, 93, 127, 107, 111, 112, 94, 46, 49, 53, 118, 48, 45, 103, 44, 40, 42, 39, 38, 28, 122, 33, 32, 29, 25, 26, 34, 43, 30, 27, 31, 12, 14, 41, 36, 37, 35, 2, 16, 1, 7, 105, 114, 6, 106, 15, 108, 20, 17, 21, 22, 4, 24, 23, 19, 72, 8, 9, 11, 3, 90, 116, 60, 59, 62, 61, 91, 58, 64, 100, 10, 120, 13, 115, 50, 51, 57, 54, 121, 56, 5, 52, 124, 47, 55, 66, 113, 65, 99, 92, 89, 125, 104, 110, 85, 86, 87, 88, 109, 96, 119, 63, 75, 69, 70, 71, 68, 67, 73, 74, 18, 77, 79, 80, 78, 76, 117, 84, 81, 126, 82, 83, 102, 101, 98, 97]
  Najlepszy dystans: 122404.14419404503

Iteracja 2:
  Najlepsza trasa: [124, 47, 49, 46, 112, 111, 107, 94, 48, 118, 53, 54, 57, 51, 2, 1, 16, 37, 36, 35, 40, 44, 45, 103, 95, 93, 127, 98, 97, 123, 28, 122, 32, 29, 33, 25, 42, 43, 34, 39, 38, 26, 27, 31, 30, 41, 14, 12, 105, 114, 11, 9, 6, 106, 15, 20, 17, 21, 22, 4, 108, 24, 23, 19, 8, 72, 18, 77, 74, 73, 67, 68, 71, 70, 69, 75, 76, 79, 80, 78, 117, 84, 81, 126, 82, 83, 101, 102, 63, 119, 96, 109, 88, 87, 86, 85, 110, 104, 125, 89, 92, 99, 65, 55, 66, 113, 64, 58, 100, 91, 61, 62, 59, 60, 116, 90, 3, 10, 120, 7, 13, 115, 50, 121, 56, 5, 52, 124]
  Najlepszy dystans: 126863.47066774241

Iteracja 3:
  Najlepsza trasa: [78, 76, 117, 84, 81, 75, 69, 70, 71, 68, 74, 73, 67, 59, 62, 60, 116, 90, 61, 91, 58, 64, 100, 3, 9, 11, 114, 6, 106, 15, 105, 7, 1, 16, 35, 44, 103, 45, 54, 57, 51, 2, 120, 10, 115, 13, 50, 5, 121, 56, 52, 124, 53, 48, 118, 46, 49, 47, 55, 66, 113, 65, 99, 92, 89, 125, 104, 110, 85, 86, 87, 88, 109, 96, 119, 63, 126, 82, 83, 102, 101, 98, 97, 123, 127, 107, 111, 112, 94, 93, 95, 42, 39, 34, 43, 40, 36, 37, 41, 14, 30, 38, 28, 122, 33, 32, 29, 25, 26, 27, 31, 12, 20, 108, 24, 23, 8, 72, 19, 4, 22, 17, 21, 18, 77, 79, 80, 78]
  Najlepszy dystans: 127699.53395219165

Iteracja 4:
  Najlepsza trasa: [59, 62, 61, 91, 58, 64, 100, 90, 60, 116, 3, 11, 9, 8, 72, 19, 23, 24, 108, 6, 106, 105, 114, 120, 10, 115, 50, 5, 52, 124, 56, 121, 54, 57, 51, 2, 13, 7, 1, 16, 14, 12, 15, 20, 4, 22, 17, 21, 18, 74, 73, 67, 68, 71, 110, 85, 86, 87, 88, 109, 96, 69, 70, 76, 75, 119, 63, 102, 101, 83, 82, 126, 81, 84, 117, 78, 77, 79, 80, 31, 27, 30, 41, 36, 37, 35, 43, 34, 39, 38, 26, 25, 33, 29, 32, 122, 28, 97, 98, 127, 93, 95, 123, 42, 40, 44, 103, 45, 94, 107, 111, 112, 46, 118, 48, 53, 49, 47, 55, 66, 113, 65, 99, 92, 89, 125, 104, 59]
  Najlepszy dystans: 131806.8961247557

Iteracja 5:
  Najlepsza trasa: [127, 93, 103, 95, 123, 97, 98, 32, 29, 28, 122, 33, 25, 26, 38, 39, 42, 34, 43, 30, 27, 31, 12, 14, 41, 36, 37, 35, 40, 44, 45, 54, 57, 56, 121, 51, 2, 16, 1, 105, 114, 11, 9, 8, 72, 19, 23, 24, 6, 106, 15, 20, 108, 4, 22, 17, 21, 18, 77, 79, 80, 78, 76, 74, 73, 67, 68, 70, 69, 75, 117, 84, 81, 126, 82, 83, 101, 102, 63, 119, 96, 109, 88, 87, 86, 85, 110, 71, 104, 125, 89, 92, 99, 65, 66, 113, 64, 58, 91, 61, 62, 59, 60, 116, 90, 3, 100, 10, 120, 7, 13, 115, 50, 5, 52, 124, 55, 47, 49, 53, 48, 118, 46, 94, 112, 111, 107, 127]
  Najlepszy dystans: 126365.76514501356

Iteracja 6:
  Najlepsza trasa: [80, 27, 31, 12, 15, 106, 6, 108, 20, 17, 21, 22, 4, 19, 23, 24, 9, 11, 114, 105, 7, 1, 14, 30, 41, 36, 37, 16, 2, 51, 50, 13, 120, 115, 52, 124, 56, 5, 121, 57, 54, 45, 103, 44, 35, 40, 43, 34, 42, 39, 38, 26, 25, 33, 29, 32, 122, 28, 97, 98, 123, 95, 93, 127, 107, 111, 112, 94, 46, 118, 48, 53, 49, 47, 55, 66, 65, 99, 92, 89, 104, 125, 113, 64, 58, 91, 61, 100, 10, 3, 90, 116, 60, 62, 59, 67, 8, 72, 18, 77, 74, 73, 68, 71, 70, 96, 109, 110, 85, 86, 87, 88, 119, 63, 102, 101, 83, 82, 126, 81, 84, 117, 75, 69, 76, 78, 79, 80]
  Najlepszy dystans: 126681.85641673752

Iteracja 7:
  Najlepsza trasa: [2, 16, 1, 7, 105, 15, 106, 6, 24, 108, 20, 4, 22, 17, 21, 18, 72, 8, 19, 23, 9, 11, 114, 3, 100, 10, 120, 13, 115, 50, 51, 57, 121, 56, 5, 52, 124, 55, 66, 58, 64, 113, 65, 99, 92, 89, 125, 104, 59, 60, 62, 61, 91, 90, 116, 67, 73, 68, 75, 69, 70, 71, 110, 85, 86, 87, 88, 109, 96, 119, 63, 102, 101, 83, 82, 126, 81, 84, 117, 78, 76, 74, 77, 79, 80, 27, 31, 12, 14, 36, 40, 42, 38, 39, 34, 43, 41, 30, 26, 25, 29, 32, 33, 122, 28, 97, 98, 123, 95, 93, 127, 107, 111, 112, 94, 46, 118, 48, 53, 49, 47, 54, 45, 103, 44, 35, 37, 2]
  Najlepszy dystans: 126557.59713833021

Iteracja 8:
  Najlepsza trasa: [24, 108, 6, 106, 15, 105, 1, 16, 36, 37, 2, 51, 50, 13, 115, 5, 52, 124, 56, 121, 57, 54, 45, 103, 44, 35, 40, 42, 38, 39, 34, 43, 41, 14, 12, 30, 26, 27, 31, 79, 80, 78, 76, 117, 84, 81, 83, 82, 126, 75, 69, 70, 68, 74, 73, 67, 71, 110, 85, 86, 87, 88, 109, 96, 119, 63, 102, 101, 98, 97, 32, 29, 25, 33, 122, 28, 123, 95, 93, 127, 107, 111, 112, 94, 46, 118, 48, 53, 49, 47, 55, 66, 113, 65, 99, 92, 89, 125, 104, 59, 62, 61, 91, 58, 64, 100, 90, 60, 116, 3, 10, 120, 7, 114, 11, 9, 23, 19, 8, 72, 18, 77, 21, 17, 20, 22, 4, 24]
  Najlepszy dystans: 125850.25533827103

Iteracja 9:
  Najlepsza trasa: [37, 36, 35, 40, 42, 28, 122, 33, 32, 29, 25, 26, 38, 39, 34, 43, 41, 30, 27, 31, 12, 14, 15, 105, 16, 1, 7, 114, 11, 9, 23, 24, 6, 106, 108, 20, 17, 21, 22, 4, 19, 8, 72, 18, 77, 74, 73, 67, 68, 71, 110, 85, 86, 87, 88, 109, 96, 119, 63, 69, 70, 75, 76, 79, 80, 78, 117, 84, 81, 126, 82, 83, 102, 101, 98, 97, 123, 95, 93, 127, 107, 111, 112, 94, 46, 118, 48, 53, 49, 47, 55, 124, 52, 5, 115, 100, 58, 64, 113, 66, 65, 99, 92, 89, 125, 104, 59, 60, 116, 90, 62, 61, 91, 3, 10, 120, 13, 50, 121, 56, 57, 54, 45, 103, 44, 51, 2, 37]
  Najlepszy dystans: 126280.77906371039

Iteracja 10:
  Najlepsza trasa: [28, 122, 32, 29, 33, 25, 26, 27, 31, 79, 80, 78, 117, 84, 81, 126, 82, 83, 101, 102, 63, 119, 88, 87, 86, 85, 109, 96, 69, 75, 76, 68, 70, 71, 110, 104, 125, 59, 62, 60, 116, 90, 61, 91, 3, 9, 11, 114, 105, 15, 106, 6, 108, 24, 23, 4, 22, 19, 72, 8, 67, 73, 74, 77, 18, 21, 17, 20, 12, 14, 41, 36, 35, 37, 16, 1, 7, 120, 115, 10, 100, 58, 64, 113, 89, 92, 99, 65, 66, 55, 47, 49, 53, 124, 52, 56, 5, 50, 13, 2, 51, 121, 57, 54, 48, 118, 46, 94, 112, 111, 107, 127, 98, 97, 123, 95, 93, 103, 45, 44, 40, 43, 30, 34, 42, 39, 38, 28]
  Najlepszy dystans: 129638.22738643776

Najlepsze rozwi¹zanie z 10 iteracji:
  Najlepsza trasa: [97, 123, 95, 93, 127, 107, 111, 112, 94, 46, 49, 53, 118, 48, 45, 103, 44, 40, 42, 39, 38, 28, 122, 33, 32, 29, 25, 26, 34, 43, 30, 27, 31, 12, 14, 41, 36, 37, 35, 2, 16, 1, 7, 105, 114, 6, 106, 15, 108, 20, 17, 21, 22, 4, 24, 23, 19, 72, 8, 9, 11, 3, 90, 116, 60, 59, 62, 61, 91, 58, 64, 100, 10, 120, 13, 115, 50, 51, 57, 54, 121, 56, 5, 52, 124, 47, 55, 66, 113, 65, 99, 92, 89, 125, 104, 110, 85, 86, 87, 88, 109, 96, 119, 63, 75, 69, 70, 71, 68, 67, 73, 74, 18, 77, 79, 80, 78, 76, 117, 84, 81, 126, 82, 83, 102, 101, 98, 97]
  Najlepszy dystans: 122404.14419404503
Œrednia wartoœæ dystansu z 10 iteracji: 127014.85
Czas dzia³ania algorytmu: 901.50 sekund
