
Wyniki symulowanego wy¿arzania
Metoda ruchu: two_opt
Liczba epok: 800
Temperatura pocz¹tkowa: 10000
Sch³adzanie: 0.99
Liczba prób: 1000
Liczba iteracji: 1

Iteracja 1:
  Najlepsza trasa: [17, 22, 4, 23, 24, 108, 20, 15, 106, 6, 9, 11, 3, 100, 64, 58, 91, 61, 90, 116, 60, 62, 59, 104, 125, 89, 92, 99, 65, 113, 66, 55, 124, 52, 56, 5, 50, 13, 115, 10, 120, 114, 105, 7, 1, 16, 2, 51, 121, 57, 54, 44, 103, 45, 48, 118, 53, 47, 49, 46, 94, 112, 111, 107, 127, 93, 95, 123, 98, 97, 28, 122, 32, 29, 33, 25, 26, 30, 38, 39, 42, 34, 43, 40, 35, 37, 36, 41, 14, 12, 31, 27, 80, 79, 18, 77, 78, 117, 84, 81, 126, 82, 83, 101, 102, 63, 119, 96, 109, 88, 87, 86, 85, 110, 71, 70, 69, 75, 76, 68, 74, 73, 67, 8, 72, 19, 21, 17]
  Najlepszy dystans: 121597.29876974723

Najlepsze rozwi¹zanie z 1 iteracji:
  Najlepsza trasa: [17, 22, 4, 23, 24, 108, 20, 15, 106, 6, 9, 11, 3, 100, 64, 58, 91, 61, 90, 116, 60, 62, 59, 104, 125, 89, 92, 99, 65, 113, 66, 55, 124, 52, 56, 5, 50, 13, 115, 10, 120, 114, 105, 7, 1, 16, 2, 51, 121, 57, 54, 44, 103, 45, 48, 118, 53, 47, 49, 46, 94, 112, 111, 107, 127, 93, 95, 123, 98, 97, 28, 122, 32, 29, 33, 25, 26, 30, 38, 39, 42, 34, 43, 40, 35, 37, 36, 41, 14, 12, 31, 27, 80, 79, 18, 77, 78, 117, 84, 81, 126, 82, 83, 101, 102, 63, 119, 96, 109, 88, 87, 86, 85, 110, 71, 70, 69, 75, 76, 68, 74, 73, 67, 8, 72, 19, 21, 17]
  Najlepszy dystans: 121597.29876974723
Œrednia wartoœæ dystansu z 1 iteracji: 121597.30
Czas dzia³ania algorytmu: 68.35 sekund
