
Wyniki symulowanego wy¿arzania
Metoda ruchu: two_opt
Liczba epok: 800
Temperatura pocz¹tkowa: 20000
Sch³adzanie: 0.99
Liczba prób: 1000
Liczba iteracji: 10

Iteracja 1:
  Najlepsza trasa: [18, 77, 76, 75, 69, 70, 71, 68, 74, 73, 67, 8, 72, 19, 21, 17, 22, 4, 23, 24, 108, 20, 15, 106, 6, 105, 114, 11, 9, 90, 116, 60, 59, 62, 61, 91, 58, 64, 100, 3, 10, 115, 50, 13, 120, 7, 1, 16, 2, 51, 121, 5, 52, 124, 56, 57, 54, 45, 103, 44, 35, 37, 36, 41, 14, 12, 31, 27, 30, 34, 43, 40, 42, 39, 38, 26, 25, 33, 29, 32, 122, 28, 97, 98, 123, 95, 93, 127, 107, 111, 112, 94, 46, 118, 48, 53, 49, 47, 55, 66, 113, 65, 99, 92, 89, 125, 104, 110, 85, 86, 87, 88, 109, 96, 119, 63, 102, 101, 83, 82, 126, 81, 84, 117, 78, 80, 79, 18]
  Najlepszy dystans: 119716.00927268376

Iteracja 2:
  Najlepsza trasa: [51, 2, 50, 115, 13, 120, 10, 3, 9, 11, 114, 105, 7, 1, 16, 37, 36, 41, 14, 12, 20, 108, 15, 106, 6, 24, 23, 4, 22, 17, 21, 19, 72, 8, 67, 73, 74, 68, 71, 70, 69, 75, 81, 84, 117, 78, 76, 77, 18, 79, 80, 31, 27, 30, 26, 25, 33, 29, 32, 122, 28, 38, 39, 42, 34, 43, 40, 35, 44, 103, 45, 54, 47, 49, 53, 48, 118, 46, 94, 112, 111, 107, 127, 93, 95, 123, 97, 98, 101, 102, 83, 82, 126, 63, 119, 96, 109, 88, 87, 86, 85, 110, 104, 89, 92, 99, 65, 125, 59, 62, 60, 116, 90, 61, 91, 100, 58, 64, 113, 66, 55, 124, 52, 5, 56, 121, 57, 51]
  Najlepszy dystans: 123690.40999007464

Iteracja 3:
  Najlepsza trasa: [105, 7, 1, 16, 2, 35, 37, 36, 41, 30, 14, 12, 31, 27, 26, 25, 33, 29, 32, 122, 28, 38, 39, 42, 34, 43, 40, 44, 103, 45, 54, 57, 51, 50, 121, 56, 5, 52, 124, 66, 55, 47, 49, 53, 48, 118, 46, 94, 112, 111, 107, 127, 93, 95, 123, 97, 98, 101, 102, 83, 82, 126, 81, 84, 117, 78, 76, 75, 68, 71, 70, 69, 63, 119, 96, 109, 88, 87, 86, 85, 110, 104, 125, 89, 92, 99, 65, 113, 64, 58, 100, 91, 61, 62, 59, 60, 116, 90, 3, 10, 115, 13, 120, 114, 11, 9, 24, 23, 4, 22, 19, 72, 8, 67, 73, 74, 18, 77, 79, 80, 21, 17, 20, 108, 6, 106, 15, 105]
  Najlepszy dystans: 121114.06529178418

Iteracja 4:
  Najlepsza trasa: [8, 72, 19, 23, 24, 6, 106, 15, 108, 20, 4, 22, 17, 21, 18, 77, 79, 80, 31, 27, 30, 41, 14, 12, 16, 2, 51, 57, 54, 45, 103, 44, 40, 35, 37, 36, 43, 34, 42, 39, 38, 26, 25, 33, 29, 32, 122, 28, 97, 98, 123, 95, 93, 127, 107, 111, 112, 94, 46, 118, 48, 53, 49, 47, 55, 66, 124, 52, 5, 56, 121, 50, 13, 115, 10, 120, 7, 1, 105, 114, 11, 9, 3, 90, 116, 60, 59, 62, 61, 91, 100, 58, 64, 113, 65, 99, 92, 89, 125, 104, 110, 85, 86, 87, 88, 109, 96, 119, 63, 102, 101, 83, 82, 126, 81, 84, 117, 78, 76, 75, 69, 70, 71, 68, 74, 73, 67, 8]
  Najlepszy dystans: 119576.91260112594

Iteracja 5:
  Najlepsza trasa: [43, 40, 35, 44, 103, 45, 54, 57, 121, 5, 56, 124, 52, 100, 64, 58, 91, 61, 62, 59, 60, 116, 90, 3, 10, 120, 13, 115, 50, 51, 2, 37, 36, 41, 30, 27, 31, 12, 14, 16, 1, 7, 105, 114, 11, 9, 24, 6, 106, 15, 108, 20, 17, 21, 22, 4, 23, 19, 8, 72, 18, 74, 73, 67, 68, 71, 104, 125, 89, 92, 99, 65, 113, 66, 55, 47, 49, 53, 48, 118, 46, 94, 112, 111, 107, 127, 93, 95, 123, 97, 98, 101, 102, 63, 119, 96, 109, 88, 87, 86, 85, 110, 70, 69, 75, 126, 82, 83, 81, 84, 117, 78, 76, 77, 79, 80, 32, 29, 28, 122, 33, 25, 26, 38, 39, 42, 34, 43]
  Najlepszy dystans: 123196.19616796022

Iteracja 6:
  Najlepsza trasa: [104, 110, 85, 86, 87, 88, 109, 96, 69, 70, 71, 67, 8, 72, 19, 22, 4, 23, 24, 9, 11, 114, 105, 15, 106, 6, 108, 20, 12, 14, 16, 1, 7, 120, 10, 3, 90, 116, 60, 59, 62, 61, 91, 58, 64, 100, 52, 124, 56, 121, 5, 50, 115, 13, 2, 51, 57, 54, 45, 103, 44, 35, 37, 36, 41, 40, 43, 34, 42, 39, 38, 28, 122, 32, 29, 33, 25, 26, 30, 27, 31, 80, 79, 17, 21, 18, 77, 74, 73, 68, 75, 76, 78, 117, 84, 81, 126, 83, 82, 119, 63, 102, 101, 98, 97, 123, 95, 93, 127, 107, 111, 112, 94, 46, 118, 48, 53, 49, 47, 55, 66, 113, 65, 99, 92, 89, 125, 104]
  Najlepszy dystans: 123732.44192458373

Iteracja 7:
  Najlepsza trasa: [57, 54, 45, 103, 44, 51, 2, 16, 1, 7, 105, 114, 11, 9, 24, 6, 106, 15, 108, 20, 12, 14, 41, 36, 37, 35, 40, 43, 34, 42, 39, 38, 28, 122, 32, 29, 33, 25, 26, 30, 27, 31, 80, 79, 77, 18, 21, 17, 22, 4, 23, 19, 72, 8, 67, 73, 74, 68, 76, 78, 117, 84, 81, 75, 69, 70, 71, 110, 85, 86, 87, 88, 109, 96, 119, 63, 126, 82, 83, 102, 101, 98, 97, 123, 95, 93, 127, 107, 111, 112, 94, 46, 118, 48, 53, 49, 47, 55, 66, 113, 65, 99, 92, 89, 125, 104, 59, 62, 60, 116, 90, 61, 91, 58, 64, 100, 3, 10, 120, 13, 115, 50, 5, 52, 124, 56, 121, 57]
  Najlepszy dystans: 120544.33124533284

Iteracja 8:
  Najlepsza trasa: [69, 75, 82, 83, 126, 81, 84, 117, 78, 76, 79, 80, 27, 31, 12, 14, 37, 36, 41, 30, 26, 25, 33, 29, 32, 122, 28, 38, 39, 42, 34, 43, 40, 35, 44, 103, 45, 54, 57, 121, 5, 56, 124, 52, 100, 64, 58, 91, 61, 90, 116, 60, 62, 59, 104, 125, 89, 92, 99, 65, 113, 66, 55, 47, 49, 53, 48, 118, 46, 94, 112, 111, 107, 127, 93, 95, 123, 97, 98, 101, 102, 63, 119, 96, 109, 88, 87, 86, 85, 110, 71, 67, 8, 72, 19, 22, 4, 23, 24, 9, 11, 3, 10, 120, 7, 13, 115, 50, 51, 2, 16, 1, 105, 114, 6, 106, 15, 108, 20, 17, 21, 18, 77, 74, 73, 68, 70, 69]
  Najlepszy dystans: 122314.64909512618

Iteracja 9:
  Najlepsza trasa: [60, 62, 61, 91, 90, 116, 67, 71, 110, 85, 86, 87, 88, 109, 96, 119, 63, 102, 101, 83, 82, 126, 81, 84, 117, 78, 76, 75, 69, 70, 68, 73, 74, 77, 18, 72, 8, 19, 21, 17, 22, 4, 23, 24, 108, 20, 15, 106, 6, 9, 11, 114, 105, 120, 7, 1, 16, 12, 14, 41, 30, 43, 34, 42, 39, 38, 26, 27, 31, 79, 80, 25, 33, 122, 28, 29, 32, 98, 97, 123, 95, 93, 127, 107, 111, 112, 94, 46, 118, 48, 53, 49, 47, 55, 66, 124, 52, 5, 56, 121, 57, 54, 45, 103, 44, 40, 35, 36, 37, 2, 51, 50, 13, 115, 10, 3, 100, 58, 64, 113, 65, 99, 92, 89, 125, 104, 59, 60]
  Najlepszy dystans: 122726.00732109493

Iteracja 10:
  Najlepsza trasa: [6, 106, 15, 108, 20, 12, 30, 41, 14, 16, 1, 7, 105, 114, 120, 10, 115, 13, 50, 5, 56, 52, 124, 66, 55, 47, 49, 53, 48, 118, 46, 94, 112, 111, 107, 127, 98, 97, 123, 95, 93, 103, 45, 44, 54, 57, 121, 51, 2, 37, 36, 35, 40, 43, 34, 42, 39, 38, 28, 122, 32, 29, 33, 25, 26, 27, 31, 80, 79, 77, 18, 21, 17, 22, 4, 24, 23, 19, 72, 8, 67, 73, 74, 68, 71, 70, 69, 75, 76, 78, 117, 84, 81, 126, 82, 83, 101, 102, 63, 119, 96, 109, 88, 87, 86, 85, 110, 104, 125, 89, 92, 99, 65, 113, 64, 58, 100, 91, 61, 62, 59, 60, 116, 90, 3, 11, 9, 6]
  Najlepszy dystans: 120583.71191109413

Najlepsze rozwi¹zanie z 10 iteracji:
  Najlepsza trasa: [8, 72, 19, 23, 24, 6, 106, 15, 108, 20, 4, 22, 17, 21, 18, 77, 79, 80, 31, 27, 30, 41, 14, 12, 16, 2, 51, 57, 54, 45, 103, 44, 40, 35, 37, 36, 43, 34, 42, 39, 38, 26, 25, 33, 29, 32, 122, 28, 97, 98, 123, 95, 93, 127, 107, 111, 112, 94, 46, 118, 48, 53, 49, 47, 55, 66, 124, 52, 5, 56, 121, 50, 13, 115, 10, 120, 7, 1, 105, 114, 11, 9, 3, 90, 116, 60, 59, 62, 61, 91, 100, 58, 64, 113, 65, 99, 92, 89, 125, 104, 110, 85, 86, 87, 88, 109, 96, 119, 63, 102, 101, 83, 82, 126, 81, 84, 117, 78, 76, 75, 69, 70, 71, 68, 74, 73, 67, 8]
  Najlepszy dystans: 119576.91260112594
Œrednia wartoœæ dystansu z 10 iteracji: 121719.47
Czas dzia³ania algorytmu: 652.88 sekund
