
Wyniki symulowanego wy¿arzania
Metoda ruchu: two_opt
Liczba epok: 10
Temperatura pocz¹tkowa: 10000
Sch³adzanie: 0.99
Liczba prób: 1000
Liczba iteracji: 10

Iteracja 1:
  Najlepsza trasa: [28, 37, 7, 22, 3, 33, 27, 38, 24, 20, 39, 19, 40, 9, 25, 48, 32, 10, 36, 18, 17, 43, 31, 15, 1, 16, 46, 11, 30, 6, 44, 12, 47, 23, 5, 41, 42, 21, 13, 14, 29, 35, 45, 34, 2, 8, 4, 26, 28]
  Najlepszy dystans: 35455

Iteracja 2:
  Najlepsza trasa: [18, 15, 42, 35, 22, 1, 31, 33, 23, 40, 3, 34, 36, 44, 25, 7, 30, 43, 28, 37, 12, 20, 14, 47, 46, 21, 48, 13, 27, 19, 6, 16, 26, 10, 45, 2, 5, 17, 8, 9, 11, 41, 29, 24, 32, 4, 38, 39, 18]
  Najlepszy dystans: 35292

Iteracja 3:
  Najlepsza trasa: [22, 30, 20, 11, 7, 16, 15, 1, 8, 47, 3, 23, 29, 45, 4, 10, 5, 26, 42, 34, 25, 41, 2, 38, 18, 39, 14, 37, 27, 21, 32, 6, 31, 46, 24, 44, 19, 33, 35, 48, 28, 17, 9, 43, 13, 40, 36, 12, 22]
  Najlepszy dystans: 38331

Iteracja 4:
  Najlepsza trasa: [28, 45, 2, 21, 48, 17, 6, 43, 3, 8, 18, 36, 30, 40, 20, 33, 9, 38, 15, 11, 13, 31, 44, 37, 24, 29, 10, 34, 12, 5, 4, 42, 35, 26, 22, 19, 23, 1, 14, 47, 25, 7, 46, 27, 32, 39, 41, 16, 28]
  Najlepszy dystans: 36239

Iteracja 5:
  Najlepsza trasa: [33, 20, 45, 24, 29, 11, 27, 30, 43, 9, 34, 22, 21, 15, 38, 19, 47, 35, 2, 39, 5, 10, 3, 8, 37, 6, 41, 16, 32, 4, 26, 14, 12, 25, 13, 18, 17, 48, 36, 44, 46, 42, 40, 23, 1, 31, 28, 7, 33]
  Najlepszy dystans: 36456

Iteracja 6:
  Najlepsza trasa: [46, 44, 25, 14, 42, 2, 5, 45, 29, 43, 33, 17, 1, 4, 48, 24, 35, 26, 39, 9, 47, 13, 32, 6, 40, 37, 31, 38, 22, 21, 12, 23, 8, 36, 19, 28, 27, 10, 11, 41, 16, 18, 30, 15, 3, 34, 20, 7, 46]
  Najlepszy dystans: 35817

Iteracja 7:
  Najlepsza trasa: [36, 15, 40, 17, 9, 37, 33, 26, 24, 39, 32, 47, 20, 16, 13, 21, 23, 14, 6, 12, 18, 7, 38, 42, 22, 8, 10, 3, 11, 25, 46, 48, 45, 34, 41, 28, 30, 44, 1, 31, 27, 19, 35, 4, 29, 2, 5, 43, 36]
  Najlepszy dystans: 37252

Iteracja 8:
  Najlepsza trasa: [1, 19, 17, 37, 27, 44, 18, 6, 29, 22, 8, 34, 11, 32, 42, 24, 33, 30, 43, 25, 15, 20, 36, 26, 10, 45, 5, 41, 40, 7, 16, 9, 39, 12, 38, 23, 35, 4, 3, 21, 2, 48, 31, 28, 46, 47, 14, 13, 1]
  Najlepszy dystans: 34859

Iteracja 9:
  Najlepsza trasa: [33, 40, 12, 44, 9, 16, 34, 32, 8, 4, 3, 29, 47, 39, 5, 28, 24, 14, 41, 48, 31, 46, 6, 27, 17, 37, 1, 15, 38, 18, 10, 2, 11, 25, 42, 21, 23, 36, 30, 19, 35, 45, 26, 13, 20, 22, 43, 7, 33]
  Najlepszy dystans: 37956

Iteracja 10:
  Najlepsza trasa: [26, 33, 15, 11, 23, 36, 7, 9, 18, 22, 25, 48, 21, 27, 43, 28, 32, 34, 16, 20, 8, 4, 24, 39, 5, 45, 42, 12, 40, 14, 37, 6, 47, 13, 38, 44, 31, 2, 41, 29, 3, 46, 17, 19, 1, 30, 10, 35, 26]
  Najlepszy dystans: 35363

Najlepsze rozwi¹zanie z 10 iteracji:
  Najlepsza trasa: [1, 19, 17, 37, 27, 44, 18, 6, 29, 22, 8, 34, 11, 32, 42, 24, 33, 30, 43, 25, 15, 20, 36, 26, 10, 45, 5, 41, 40, 7, 16, 9, 39, 12, 38, 23, 35, 4, 3, 21, 2, 48, 31, 28, 46, 47, 14, 13, 1]
  Najlepszy dystans: 34859
Œrednia wartoœæ dystansu z 10 iteracji: 36302.00
Czas dzia³ania algorytmu: 4.26 sekund
