
Wyniki symulowanego wy¿arzania
Metoda ruchu: two_opt
Liczba epok: 800
Temperatura pocz¹tkowa: 5000
Sch³adzanie: 0.99
Liczba prób: 1000
Liczba iteracji: 10

Iteracja 1:
  Najlepsza trasa: [7, 28, 6, 37, 19, 27, 17, 43, 30, 36, 46, 33, 15, 12, 20, 47, 11, 23, 14, 25, 13, 21, 32, 39, 48, 5, 42, 24, 10, 45, 35, 4, 26, 2, 29, 34, 41, 16, 22, 3, 40, 9, 1, 8, 38, 31, 44, 18, 7]
  Najlepszy dystans: 10648

Iteracja 2:
  Najlepsza trasa: [34, 41, 16, 22, 3, 40, 9, 1, 8, 38, 31, 44, 18, 7, 28, 6, 37, 19, 27, 17, 43, 30, 36, 46, 33, 15, 12, 20, 47, 11, 23, 14, 25, 13, 21, 39, 32, 24, 10, 45, 35, 4, 26, 2, 42, 48, 5, 29, 34]
  Najlepszy dystans: 10835

Iteracja 3:
  Najlepsza trasa: [25, 14, 23, 3, 40, 15, 12, 11, 47, 20, 33, 46, 36, 30, 43, 17, 27, 19, 37, 6, 28, 7, 18, 44, 31, 38, 9, 8, 1, 22, 16, 41, 34, 29, 2, 26, 4, 35, 45, 10, 24, 42, 5, 48, 39, 32, 21, 13, 25]
  Najlepszy dystans: 10712

Iteracja 4:
  Najlepsza trasa: [27, 17, 43, 30, 36, 46, 33, 20, 47, 21, 32, 24, 10, 45, 35, 4, 26, 42, 2, 29, 5, 48, 39, 25, 13, 14, 34, 41, 16, 22, 3, 23, 11, 12, 15, 40, 9, 1, 8, 38, 31, 44, 18, 7, 28, 6, 37, 19, 27]
  Najlepszy dystans: 10747

Iteracja 5:
  Najlepsza trasa: [1, 9, 40, 15, 12, 11, 23, 3, 22, 16, 41, 34, 14, 25, 48, 5, 29, 2, 42, 10, 26, 4, 35, 45, 24, 32, 39, 21, 13, 47, 20, 33, 46, 36, 30, 43, 17, 27, 19, 37, 6, 28, 7, 18, 44, 31, 38, 8, 1]
  Najlepszy dystans: 10734

Iteracja 6:
  Najlepsza trasa: [20, 33, 46, 36, 30, 43, 17, 27, 19, 37, 6, 28, 7, 18, 44, 31, 38, 9, 8, 1, 16, 22, 3, 34, 41, 29, 2, 26, 4, 35, 45, 10, 24, 42, 5, 48, 39, 32, 21, 47, 13, 25, 14, 23, 11, 40, 15, 12, 20]
  Najlepszy dystans: 10711

Iteracja 7:
  Najlepsza trasa: [5, 42, 24, 10, 45, 35, 4, 26, 2, 29, 34, 41, 16, 22, 3, 23, 14, 25, 13, 11, 12, 15, 40, 9, 1, 8, 38, 31, 44, 18, 7, 28, 6, 37, 19, 27, 17, 43, 30, 36, 46, 33, 20, 47, 21, 32, 39, 48, 5]
  Najlepszy dystans: 10628

Iteracja 8:
  Najlepsza trasa: [10, 24, 42, 5, 48, 39, 32, 21, 47, 13, 25, 14, 23, 11, 12, 20, 33, 15, 46, 36, 30, 43, 17, 27, 19, 37, 6, 28, 7, 18, 44, 31, 38, 8, 1, 9, 40, 3, 22, 16, 41, 34, 29, 2, 26, 4, 35, 45, 10]
  Najlepszy dystans: 10716

Iteracja 9:
  Najlepsza trasa: [18, 44, 31, 38, 9, 8, 1, 40, 11, 23, 3, 22, 16, 41, 34, 29, 2, 26, 4, 35, 45, 10, 24, 42, 5, 48, 32, 39, 25, 14, 13, 21, 47, 20, 12, 15, 33, 46, 36, 30, 43, 17, 27, 19, 37, 6, 28, 7, 18]
  Najlepszy dystans: 10767

Iteracja 10:
  Najlepsza trasa: [43, 30, 36, 46, 33, 20, 47, 21, 32, 39, 48, 5, 42, 10, 24, 45, 35, 26, 4, 2, 29, 41, 34, 14, 25, 13, 23, 11, 12, 15, 40, 3, 22, 16, 1, 8, 9, 38, 31, 44, 18, 7, 28, 6, 37, 19, 27, 17, 43]
  Najlepszy dystans: 10751

Najlepsze rozwi¹zanie z 10 iteracji:
  Najlepsza trasa: [5, 42, 24, 10, 45, 35, 4, 26, 2, 29, 34, 41, 16, 22, 3, 23, 14, 25, 13, 11, 12, 15, 40, 9, 1, 8, 38, 31, 44, 18, 7, 28, 6, 37, 19, 27, 17, 43, 30, 36, 46, 33, 20, 47, 21, 32, 39, 48, 5]
  Najlepszy dystans: 10628
Œrednia wartoœæ dystansu z 10 iteracji: 10724.90
Czas dzia³ania algorytmu: 300.46 sekund
