
Wyniki symulowanego wy¿arzania
Metoda ruchu: two_opt
Liczba epok: 100
Temperatura pocz¹tkowa: 10000
Sch³adzanie: 0.99
Liczba prób: 1000
Liczba iteracji: 10

Iteracja 1:
  Najlepsza trasa: [4, 39, 11, 1, 38, 30, 37, 18, 8, 41, 2, 26, 45, 42, 16, 3, 21, 35, 23, 32, 48, 10, 24, 34, 25, 13, 40, 12, 29, 43, 17, 44, 15, 6, 7, 28, 31, 19, 9, 47, 14, 20, 33, 5, 27, 36, 46, 22, 4]
  Najlepszy dystans: 32968

Iteracja 2:
  Najlepsza trasa: [8, 15, 32, 25, 33, 21, 46, 37, 31, 5, 2, 29, 20, 42, 4, 47, 14, 24, 10, 9, 7, 34, 1, 27, 6, 3, 16, 48, 26, 35, 45, 13, 39, 40, 41, 22, 38, 43, 19, 30, 17, 36, 18, 28, 23, 12, 11, 44, 8]
  Najlepszy dystans: 33047

Iteracja 3:
  Najlepsza trasa: [3, 8, 38, 7, 33, 17, 15, 47, 20, 11, 34, 23, 2, 25, 10, 24, 12, 14, 29, 45, 13, 32, 21, 42, 48, 26, 5, 4, 39, 9, 16, 1, 35, 41, 31, 30, 18, 22, 28, 36, 44, 37, 6, 43, 19, 46, 27, 40, 3]
  Najlepszy dystans: 33029

Iteracja 4:
  Najlepsza trasa: [5, 4, 30, 43, 18, 11, 17, 19, 9, 25, 13, 39, 26, 29, 34, 41, 38, 16, 12, 22, 21, 23, 14, 15, 40, 6, 48, 32, 28, 37, 36, 8, 47, 33, 27, 44, 31, 1, 10, 42, 2, 20, 7, 46, 3, 45, 24, 35, 5]
  Najlepszy dystans: 34264

Iteracja 5:
  Najlepsza trasa: [28, 42, 35, 26, 2, 5, 34, 4, 37, 38, 8, 1, 31, 17, 7, 15, 25, 9, 44, 46, 36, 33, 21, 16, 3, 20, 14, 29, 47, 12, 11, 40, 43, 48, 27, 30, 6, 19, 32, 41, 13, 39, 22, 45, 10, 24, 23, 18, 28]
  Najlepszy dystans: 34693

Iteracja 6:
  Najlepsza trasa: [35, 24, 16, 29, 28, 27, 19, 6, 18, 42, 41, 25, 2, 48, 31, 23, 47, 39, 20, 15, 9, 38, 11, 34, 21, 32, 12, 14, 44, 7, 33, 3, 5, 22, 1, 40, 8, 13, 43, 37, 17, 30, 46, 36, 26, 45, 4, 10, 35]
  Najlepszy dystans: 31542

Iteracja 7:
  Najlepsza trasa: [41, 2, 4, 45, 5, 3, 20, 30, 28, 11, 19, 37, 12, 33, 8, 22, 31, 27, 24, 26, 34, 6, 38, 16, 9, 15, 10, 25, 13, 44, 40, 21, 14, 1, 46, 48, 23, 47, 32, 35, 36, 18, 17, 43, 7, 39, 42, 29, 41]
  Najlepszy dystans: 34881

Iteracja 8:
  Najlepsza trasa: [40, 44, 21, 35, 4, 45, 10, 42, 25, 24, 2, 41, 3, 7, 30, 18, 5, 39, 34, 11, 15, 47, 32, 23, 17, 27, 43, 8, 29, 48, 14, 38, 9, 33, 37, 1, 19, 12, 20, 13, 31, 28, 16, 22, 26, 46, 36, 6, 40]
  Najlepszy dystans: 33358

Iteracja 9:
  Najlepsza trasa: [38, 40, 21, 17, 46, 32, 39, 24, 34, 22, 19, 6, 7, 12, 47, 18, 9, 41, 8, 14, 13, 1, 37, 30, 31, 36, 10, 23, 3, 44, 43, 27, 29, 5, 4, 26, 45, 35, 2, 42, 48, 33, 11, 28, 20, 25, 15, 16, 38]
  Najlepszy dystans: 31765

Iteracja 10:
  Najlepsza trasa: [48, 32, 23, 37, 34, 39, 46, 33, 9, 31, 43, 30, 17, 7, 27, 36, 47, 11, 16, 14, 21, 3, 12, 18, 5, 1, 42, 24, 10, 41, 35, 45, 2, 26, 4, 20, 6, 28, 40, 19, 44, 15, 29, 38, 13, 25, 8, 22, 48]
  Najlepszy dystans: 33945

Najlepsze rozwi¹zanie z 10 iteracji:
  Najlepsza trasa: [35, 24, 16, 29, 28, 27, 19, 6, 18, 42, 41, 25, 2, 48, 31, 23, 47, 39, 20, 15, 9, 38, 11, 34, 21, 32, 12, 14, 44, 7, 33, 3, 5, 22, 1, 40, 8, 13, 43, 37, 17, 30, 46, 36, 26, 45, 4, 10, 35]
  Najlepszy dystans: 31542
Œrednia wartoœæ dystansu z 10 iteracji: 33349.20
Czas dzia³ania algorytmu: 40.90 sekund
