
Wyniki symulowanego wy¿arzania
Metoda ruchu: two_opt
Liczba epok: 800
Temperatura pocz¹tkowa: 5000
Sch³adzanie: 0.99
Liczba prób: 1000
Liczba iteracji: 10

Iteracja 1:
  Najlepsza trasa: [27, 26, 29, 30, 31, 19, 20, 5, 10, 9, 8, 7, 6, 4, 3, 2, 75, 76, 1, 23, 22, 21, 25, 24, 46, 45, 44, 48, 47, 69, 68, 70, 67, 50, 49, 52, 53, 54, 42, 55, 56, 51, 66, 65, 71, 72, 73, 64, 63, 57, 58, 62, 61, 59, 60, 41, 40, 34, 39, 38, 16, 15, 74, 14, 13, 12, 11, 17, 18, 37, 36, 35, 32, 33, 28, 43, 27]
  Najlepszy dystans: 109241.42218053185

Iteracja 2:
  Najlepsza trasa: [35, 34, 40, 39, 38, 36, 37, 18, 17, 11, 16, 15, 74, 14, 13, 12, 10, 9, 8, 7, 6, 5, 20, 4, 3, 2, 75, 76, 1, 23, 22, 21, 25, 24, 46, 45, 44, 48, 47, 69, 68, 70, 67, 50, 49, 51, 66, 65, 71, 72, 73, 64, 63, 62, 61, 60, 41, 59, 58, 57, 56, 55, 52, 53, 54, 42, 43, 27, 26, 30, 19, 31, 29, 28, 33, 32, 35]
  Najlepszy dystans: 109155.29074519793

Iteracja 3:
  Najlepsza trasa: [2, 3, 4, 5, 6, 7, 8, 9, 10, 11, 12, 13, 14, 74, 15, 16, 17, 18, 37, 36, 35, 38, 39, 40, 34, 33, 32, 29, 30, 31, 19, 20, 26, 27, 28, 43, 42, 54, 53, 52, 55, 56, 57, 58, 59, 60, 41, 61, 62, 63, 64, 73, 72, 71, 65, 66, 51, 49, 50, 67, 70, 68, 69, 47, 48, 44, 45, 46, 24, 25, 21, 22, 23, 1, 76, 75, 2]
  Najlepszy dystans: 108202.15682311075

Iteracja 4:
  Najlepsza trasa: [20, 31, 30, 19, 4, 3, 2, 75, 76, 1, 23, 22, 21, 25, 24, 46, 45, 44, 48, 47, 69, 68, 70, 67, 50, 49, 51, 66, 65, 71, 72, 73, 64, 63, 62, 61, 58, 57, 56, 55, 52, 53, 54, 42, 43, 28, 27, 26, 29, 33, 32, 35, 34, 40, 59, 60, 41, 39, 38, 36, 37, 18, 17, 16, 15, 74, 14, 13, 12, 11, 10, 9, 8, 7, 6, 5, 20]
  Najlepszy dystans: 109177.56867925481

Iteracja 5:
  Najlepsza trasa: [62, 63, 64, 73, 72, 71, 65, 66, 51, 49, 50, 67, 70, 68, 69, 47, 48, 44, 45, 46, 24, 25, 21, 22, 23, 1, 76, 75, 2, 3, 4, 5, 6, 7, 8, 9, 10, 12, 13, 14, 74, 15, 16, 11, 17, 18, 37, 36, 35, 38, 39, 60, 41, 40, 34, 33, 32, 29, 30, 31, 19, 20, 26, 27, 28, 43, 42, 54, 53, 52, 55, 56, 57, 58, 59, 61, 62]
  Najlepszy dystans: 108999.0336553036

Iteracja 6:
  Najlepsza trasa: [64, 73, 72, 71, 65, 66, 51, 56, 55, 52, 49, 50, 67, 70, 68, 69, 47, 48, 44, 45, 46, 24, 25, 21, 22, 23, 1, 76, 75, 2, 3, 4, 6, 7, 8, 9, 10, 5, 20, 19, 31, 30, 29, 26, 27, 53, 54, 42, 43, 28, 33, 32, 35, 36, 37, 18, 17, 11, 12, 13, 14, 74, 15, 16, 38, 39, 34, 40, 41, 60, 59, 61, 62, 58, 57, 63, 64]
  Najlepszy dystans: 109405.01275902227

Iteracja 7:
  Najlepsza trasa: [61, 62, 63, 64, 73, 72, 71, 65, 66, 51, 52, 53, 54, 42, 43, 28, 33, 32, 19, 31, 30, 29, 26, 27, 49, 50, 67, 70, 68, 69, 47, 48, 44, 45, 46, 24, 25, 21, 22, 23, 1, 76, 75, 2, 3, 4, 20, 5, 6, 7, 8, 9, 10, 11, 12, 13, 14, 74, 15, 16, 17, 18, 37, 36, 38, 39, 35, 34, 40, 41, 60, 59, 58, 55, 56, 57, 61]
  Najlepszy dystans: 109672.70382034921

Iteracja 8:
  Najlepsza trasa: [60, 41, 40, 39, 38, 36, 35, 34, 32, 33, 42, 43, 28, 27, 26, 29, 30, 31, 19, 20, 5, 10, 9, 12, 11, 17, 18, 37, 16, 15, 13, 14, 74, 8, 7, 6, 4, 3, 2, 75, 76, 1, 23, 22, 21, 25, 24, 46, 45, 44, 48, 47, 69, 68, 70, 67, 50, 49, 52, 53, 54, 55, 56, 51, 66, 65, 71, 72, 73, 64, 63, 57, 58, 62, 61, 59, 60]
  Najlepszy dystans: 109842.81570890022

Iteracja 9:
  Najlepsza trasa: [53, 54, 42, 43, 28, 33, 32, 29, 30, 31, 19, 20, 26, 27, 49, 50, 67, 70, 68, 69, 47, 48, 44, 45, 46, 24, 25, 21, 22, 23, 1, 76, 75, 2, 3, 4, 5, 6, 7, 8, 9, 10, 11, 12, 13, 14, 74, 15, 16, 17, 18, 37, 36, 35, 34, 38, 39, 40, 41, 60, 59, 61, 62, 58, 55, 56, 57, 63, 64, 73, 72, 71, 65, 66, 51, 52, 53]
  Najlepszy dystans: 109551.68551374023

Iteracja 10:
  Najlepsza trasa: [42, 54, 53, 52, 55, 56, 58, 59, 60, 40, 41, 61, 62, 57, 63, 64, 73, 72, 71, 65, 66, 51, 49, 50, 67, 70, 68, 69, 47, 48, 44, 45, 46, 24, 25, 21, 22, 23, 1, 76, 75, 2, 3, 4, 5, 6, 7, 8, 9, 10, 11, 12, 13, 14, 74, 15, 16, 17, 18, 37, 36, 35, 38, 39, 34, 33, 32, 29, 30, 31, 19, 20, 26, 27, 28, 43, 42]
  Najlepszy dystans: 108833.56489958898

Najlepsze rozwi¹zanie z 10 iteracji:
  Najlepsza trasa: [2, 3, 4, 5, 6, 7, 8, 9, 10, 11, 12, 13, 14, 74, 15, 16, 17, 18, 37, 36, 35, 38, 39, 40, 34, 33, 32, 29, 30, 31, 19, 20, 26, 27, 28, 43, 42, 54, 53, 52, 55, 56, 57, 58, 59, 60, 41, 61, 62, 63, 64, 73, 72, 71, 65, 66, 51, 49, 50, 67, 70, 68, 69, 47, 48, 44, 45, 46, 24, 25, 21, 22, 23, 1, 76, 75, 2]
  Najlepszy dystans: 108202.15682311075
Œrednia wartoœæ dystansu z 10 iteracji: 109208.13
Czas dzia³ania algorytmu: 412.19 sekund
