
Wyniki symulowanego wy¿arzania
Metoda ruchu: two_opt
Liczba epok: 800
Temperatura pocz¹tkowa: 10000
Sch³adzanie: 0.99
Liczba prób: 1000
Liczba iteracji: 100

Iteracja 1:
  Najlepsza trasa: [32, 39, 48, 5, 42, 24, 10, 45, 35, 4, 26, 2, 29, 41, 16, 22, 3, 34, 14, 25, 13, 23, 11, 12, 15, 40, 9, 1, 8, 38, 31, 44, 18, 7, 28, 6, 37, 19, 27, 17, 43, 30, 36, 46, 33, 20, 47, 21, 32]
  Najlepszy dystans: 10653

Iteracja 2:
  Najlepsza trasa: [12, 11, 47, 20, 33, 46, 36, 30, 43, 17, 27, 19, 37, 6, 28, 7, 18, 44, 31, 38, 9, 8, 1, 22, 16, 41, 34, 29, 2, 26, 4, 35, 45, 10, 24, 42, 5, 48, 39, 32, 21, 13, 25, 14, 23, 3, 40, 15, 12]
  Najlepszy dystans: 10712

Iteracja 3:
  Najlepsza trasa: [10, 45, 35, 4, 26, 2, 29, 34, 41, 16, 22, 3, 23, 14, 25, 13, 11, 12, 15, 40, 9, 1, 8, 38, 31, 44, 18, 7, 28, 6, 37, 19, 27, 17, 43, 30, 36, 46, 33, 20, 47, 21, 32, 39, 48, 5, 42, 24, 10]
  Najlepszy dystans: 10628

Iteracja 4:
  Najlepsza trasa: [22, 3, 40, 9, 1, 8, 38, 31, 44, 18, 7, 28, 6, 37, 19, 27, 17, 43, 30, 36, 46, 33, 15, 12, 20, 47, 11, 23, 14, 25, 13, 21, 32, 39, 48, 5, 42, 24, 10, 45, 35, 4, 26, 2, 29, 34, 41, 16, 22]
  Najlepszy dystans: 10648

Iteracja 5:
  Najlepsza trasa: [34, 29, 2, 26, 4, 35, 45, 10, 24, 42, 5, 48, 39, 32, 21, 47, 20, 33, 46, 36, 30, 43, 17, 27, 19, 37, 6, 28, 7, 18, 44, 31, 38, 8, 1, 9, 40, 15, 12, 11, 13, 25, 14, 23, 3, 22, 16, 41, 34]
  Najlepszy dystans: 10628

Iteracja 6:
  Najlepsza trasa: [19, 27, 17, 43, 30, 36, 46, 33, 20, 12, 15, 40, 3, 11, 23, 14, 25, 13, 47, 21, 32, 39, 48, 5, 42, 24, 10, 45, 35, 4, 26, 2, 29, 34, 41, 16, 22, 1, 8, 9, 38, 31, 44, 18, 7, 28, 6, 37, 19]
  Najlepszy dystans: 10780

Iteracja 7:
  Najlepsza trasa: [19, 27, 17, 43, 30, 36, 46, 33, 15, 12, 20, 47, 11, 23, 14, 25, 13, 21, 32, 39, 48, 5, 42, 24, 10, 45, 35, 4, 26, 2, 29, 34, 41, 16, 22, 3, 40, 9, 1, 8, 38, 31, 44, 18, 7, 28, 6, 37, 19]
  Najlepszy dystans: 10648

Iteracja 8:
  Najlepsza trasa: [20, 47, 21, 32, 39, 48, 5, 42, 10, 24, 45, 35, 4, 26, 2, 29, 41, 34, 14, 25, 13, 23, 11, 12, 15, 40, 3, 22, 16, 1, 8, 9, 38, 31, 44, 18, 7, 28, 6, 37, 19, 27, 17, 43, 30, 36, 46, 33, 20]
  Najlepszy dystans: 10715

Iteracja 9:
  Najlepsza trasa: [20, 33, 46, 36, 30, 43, 17, 27, 19, 37, 6, 28, 7, 18, 44, 31, 38, 8, 1, 9, 40, 15, 12, 11, 13, 25, 14, 23, 3, 22, 16, 41, 34, 29, 2, 26, 4, 35, 45, 10, 24, 42, 5, 48, 39, 32, 21, 47, 20]
  Najlepszy dystans: 10628

Iteracja 10:
  Najlepsza trasa: [23, 3, 22, 16, 41, 34, 14, 13, 25, 48, 5, 29, 2, 42, 10, 26, 4, 35, 45, 24, 32, 39, 21, 47, 20, 33, 46, 36, 30, 43, 17, 27, 19, 37, 6, 28, 7, 18, 44, 31, 38, 8, 1, 9, 40, 15, 12, 11, 23]
  Najlepszy dystans: 10730

Iteracja 11:
  Najlepsza trasa: [2, 29, 34, 41, 16, 22, 3, 23, 11, 12, 15, 40, 9, 1, 8, 38, 31, 44, 18, 7, 28, 6, 37, 19, 27, 17, 43, 30, 36, 46, 33, 20, 47, 21, 13, 14, 25, 39, 32, 48, 5, 42, 24, 10, 45, 35, 4, 26, 2]
  Najlepszy dystans: 10653

Iteracja 12:
  Najlepsza trasa: [33, 46, 36, 30, 43, 17, 27, 19, 37, 6, 28, 7, 18, 44, 31, 38, 9, 8, 1, 22, 16, 41, 29, 2, 26, 4, 35, 45, 10, 24, 42, 5, 48, 32, 39, 25, 14, 34, 3, 40, 15, 12, 11, 23, 13, 21, 47, 20, 33]
  Najlepszy dystans: 10843

Iteracja 13:
  Najlepsza trasa: [19, 37, 6, 36, 46, 33, 15, 12, 20, 47, 11, 23, 14, 25, 13, 21, 32, 39, 48, 5, 42, 24, 10, 45, 35, 4, 26, 2, 29, 34, 41, 16, 22, 3, 40, 9, 1, 8, 38, 31, 44, 18, 7, 28, 30, 43, 17, 27, 19]
  Najlepszy dystans: 10683

Iteracja 14:
  Najlepsza trasa: [35, 45, 10, 24, 42, 5, 48, 39, 32, 21, 13, 25, 14, 23, 11, 47, 20, 12, 15, 33, 46, 36, 30, 43, 17, 27, 19, 37, 6, 28, 7, 18, 44, 31, 38, 8, 1, 9, 40, 3, 22, 16, 41, 34, 29, 2, 26, 4, 35]
  Najlepszy dystans: 10648

Iteracja 15:
  Najlepsza trasa: [34, 41, 16, 22, 3, 23, 11, 12, 15, 40, 9, 1, 8, 38, 31, 44, 18, 7, 28, 6, 37, 19, 27, 17, 43, 30, 36, 46, 33, 20, 47, 21, 39, 32, 24, 10, 45, 35, 4, 26, 42, 2, 29, 5, 48, 25, 13, 14, 34]
  Najlepszy dystans: 10684

Iteracja 16:
  Najlepsza trasa: [14, 25, 13, 21, 32, 39, 48, 5, 42, 24, 10, 45, 35, 4, 26, 2, 29, 41, 34, 3, 22, 16, 1, 8, 9, 38, 31, 44, 18, 7, 28, 6, 37, 19, 27, 17, 43, 30, 36, 46, 33, 15, 40, 12, 20, 47, 11, 23, 14]
  Najlepszy dystans: 10725

Iteracja 17:
  Najlepsza trasa: [20, 12, 15, 40, 11, 23, 14, 25, 13, 47, 21, 32, 39, 48, 5, 42, 24, 10, 45, 35, 4, 26, 2, 29, 41, 34, 3, 22, 16, 1, 8, 9, 38, 31, 44, 18, 7, 28, 6, 37, 19, 27, 17, 43, 30, 36, 46, 33, 20]
  Najlepszy dystans: 10711

Iteracja 18:
  Najlepsza trasa: [15, 12, 20, 33, 46, 36, 30, 43, 17, 27, 19, 37, 6, 28, 7, 18, 44, 31, 38, 9, 1, 8, 16, 22, 3, 41, 34, 14, 25, 48, 5, 29, 2, 42, 10, 26, 4, 35, 45, 24, 32, 39, 21, 47, 13, 23, 11, 40, 15]
  Najlepszy dystans: 10900

Iteracja 19:
  Najlepsza trasa: [40, 15, 12, 11, 23, 13, 25, 14, 34, 3, 22, 16, 41, 29, 2, 26, 4, 35, 45, 10, 24, 42, 5, 48, 39, 32, 21, 47, 20, 33, 46, 36, 30, 43, 17, 27, 19, 37, 6, 28, 7, 18, 44, 31, 38, 8, 1, 9, 40]
  Najlepszy dystans: 10653

Iteracja 20:
  Najlepsza trasa: [19, 37, 6, 28, 7, 18, 44, 31, 38, 9, 8, 1, 40, 15, 12, 11, 23, 13, 25, 14, 34, 3, 22, 16, 41, 29, 2, 26, 4, 35, 45, 10, 24, 42, 5, 48, 39, 32, 21, 47, 20, 33, 46, 36, 30, 43, 17, 27, 19]
  Najlepszy dystans: 10663

Iteracja 21:
  Najlepsza trasa: [42, 5, 48, 39, 32, 21, 47, 20, 33, 46, 36, 30, 43, 17, 27, 19, 37, 6, 28, 7, 18, 44, 31, 38, 8, 1, 9, 40, 15, 12, 11, 23, 13, 25, 14, 3, 22, 16, 41, 34, 29, 2, 26, 4, 35, 45, 10, 24, 42]
  Najlepszy dystans: 10661

Iteracja 22:
  Najlepsza trasa: [30, 36, 46, 33, 20, 47, 21, 32, 39, 48, 5, 42, 24, 10, 45, 35, 4, 26, 2, 29, 34, 41, 16, 22, 3, 23, 14, 25, 13, 11, 12, 15, 40, 9, 1, 8, 38, 31, 44, 18, 7, 28, 6, 37, 19, 27, 17, 43, 30]
  Najlepszy dystans: 10628

Iteracja 23:
  Najlepsza trasa: [18, 7, 28, 6, 37, 19, 27, 17, 43, 30, 36, 46, 33, 20, 47, 21, 32, 39, 48, 5, 24, 10, 45, 35, 4, 26, 42, 2, 29, 34, 41, 16, 22, 3, 23, 14, 25, 13, 11, 12, 15, 40, 9, 1, 8, 38, 31, 44, 18]
  Najlepszy dystans: 10793

Iteracja 24:
  Najlepsza trasa: [33, 15, 40, 3, 23, 11, 12, 20, 47, 13, 21, 39, 32, 24, 10, 45, 35, 4, 26, 42, 2, 29, 5, 48, 25, 14, 34, 41, 16, 22, 1, 8, 9, 38, 31, 44, 18, 7, 28, 6, 37, 19, 27, 17, 43, 30, 36, 46, 33]
  Najlepszy dystans: 10824

Iteracja 25:
  Najlepsza trasa: [29, 2, 26, 4, 35, 45, 10, 24, 42, 5, 48, 39, 32, 21, 47, 20, 33, 46, 36, 30, 43, 17, 27, 19, 37, 6, 28, 7, 18, 44, 31, 38, 9, 8, 1, 16, 22, 3, 40, 15, 12, 11, 23, 13, 25, 14, 34, 41, 29]
  Najlepszy dystans: 10707

Iteracja 26:
  Najlepsza trasa: [32, 39, 48, 5, 42, 24, 10, 45, 35, 4, 26, 2, 29, 34, 41, 16, 22, 3, 40, 9, 1, 8, 38, 31, 44, 18, 7, 28, 6, 37, 19, 27, 17, 43, 30, 36, 46, 33, 15, 12, 20, 47, 11, 23, 14, 25, 13, 21, 32]
  Najlepszy dystans: 10648

Iteracja 27:
  Najlepsza trasa: [26, 4, 35, 45, 10, 24, 42, 5, 48, 32, 39, 25, 14, 13, 21, 47, 20, 33, 46, 36, 30, 43, 17, 27, 19, 37, 6, 28, 7, 18, 44, 31, 38, 8, 1, 9, 40, 15, 12, 11, 23, 3, 22, 16, 41, 34, 29, 2, 26]
  Najlepszy dystans: 10653

Iteracja 28:
  Najlepsza trasa: [5, 42, 24, 10, 45, 35, 4, 26, 2, 29, 34, 41, 16, 22, 3, 23, 14, 25, 13, 11, 12, 15, 40, 9, 1, 8, 38, 31, 44, 18, 7, 28, 6, 37, 19, 27, 17, 43, 30, 36, 46, 33, 20, 47, 21, 32, 39, 48, 5]
  Najlepszy dystans: 10628

Iteracja 29:
  Najlepsza trasa: [2, 26, 4, 35, 45, 10, 24, 42, 5, 48, 39, 32, 21, 47, 20, 33, 46, 36, 30, 43, 17, 27, 19, 37, 6, 28, 7, 18, 44, 31, 38, 8, 1, 9, 40, 15, 12, 11, 13, 25, 14, 23, 3, 22, 16, 41, 34, 29, 2]
  Najlepszy dystans: 10628

Iteracja 30:
  Najlepsza trasa: [43, 17, 27, 19, 37, 6, 28, 7, 18, 44, 31, 38, 9, 8, 1, 22, 16, 41, 34, 3, 40, 15, 12, 11, 23, 14, 25, 48, 5, 29, 2, 42, 10, 26, 4, 35, 45, 24, 32, 39, 21, 13, 47, 20, 33, 46, 36, 30, 43]
  Najlepszy dystans: 10795

Iteracja 31:
  Najlepsza trasa: [27, 19, 37, 6, 28, 7, 18, 44, 31, 38, 8, 1, 9, 40, 15, 12, 11, 13, 25, 14, 23, 3, 22, 16, 41, 34, 29, 2, 26, 4, 35, 45, 10, 24, 42, 5, 48, 39, 32, 21, 47, 20, 33, 46, 36, 30, 43, 17, 27]
  Najlepszy dystans: 10628

Iteracja 32:
  Najlepsza trasa: [15, 33, 20, 12, 11, 23, 14, 25, 13, 47, 21, 32, 39, 48, 5, 42, 24, 10, 45, 35, 4, 26, 2, 29, 34, 41, 16, 22, 3, 40, 9, 1, 8, 38, 31, 44, 18, 7, 28, 6, 37, 19, 27, 17, 43, 30, 36, 46, 15]
  Najlepszy dystans: 10716

Iteracja 33:
  Najlepsza trasa: [32, 21, 47, 13, 25, 14, 23, 11, 40, 15, 12, 20, 33, 46, 36, 30, 43, 17, 27, 19, 37, 6, 28, 7, 18, 44, 31, 38, 9, 8, 1, 16, 22, 3, 34, 41, 29, 2, 26, 4, 35, 45, 10, 24, 42, 5, 48, 39, 32]
  Najlepszy dystans: 10711

Iteracja 34:
  Najlepsza trasa: [10, 45, 35, 4, 26, 2, 29, 41, 34, 3, 22, 16, 8, 1, 9, 38, 31, 44, 18, 7, 28, 6, 37, 19, 27, 17, 43, 30, 36, 46, 33, 15, 40, 12, 20, 47, 11, 23, 14, 25, 13, 21, 32, 39, 48, 5, 42, 24, 10]
  Najlepszy dystans: 10739

Iteracja 35:
  Najlepsza trasa: [27, 19, 37, 6, 28, 7, 18, 44, 31, 38, 8, 1, 9, 40, 15, 12, 11, 23, 3, 22, 16, 41, 34, 29, 2, 26, 4, 35, 45, 10, 24, 42, 5, 48, 32, 39, 25, 14, 13, 21, 47, 20, 33, 46, 36, 30, 43, 17, 27]
  Najlepszy dystans: 10653

Iteracja 36:
  Najlepsza trasa: [37, 6, 28, 7, 18, 44, 31, 38, 8, 1, 9, 40, 3, 22, 16, 41, 34, 29, 2, 26, 4, 35, 45, 10, 24, 42, 5, 48, 39, 32, 21, 13, 25, 14, 23, 11, 47, 20, 12, 15, 33, 46, 36, 30, 43, 17, 27, 19, 37]
  Najlepszy dystans: 10648

Iteracja 37:
  Najlepsza trasa: [15, 40, 12, 20, 47, 11, 23, 14, 25, 13, 21, 32, 39, 48, 5, 42, 24, 10, 45, 35, 4, 26, 2, 29, 41, 34, 3, 22, 16, 1, 8, 9, 38, 31, 44, 18, 7, 28, 6, 37, 19, 27, 17, 43, 30, 36, 46, 33, 15]
  Najlepszy dystans: 10725

Iteracja 38:
  Najlepsza trasa: [22, 1, 8, 9, 38, 31, 44, 18, 7, 28, 6, 37, 19, 27, 17, 43, 30, 36, 46, 33, 20, 47, 21, 39, 32, 24, 10, 45, 35, 4, 26, 42, 2, 29, 5, 48, 25, 14, 13, 23, 11, 12, 15, 40, 3, 34, 41, 16, 22]
  Najlepszy dystans: 10738

Iteracja 39:
  Najlepsza trasa: [24, 10, 45, 35, 4, 26, 42, 2, 29, 5, 48, 34, 41, 16, 22, 3, 23, 11, 12, 15, 40, 9, 1, 8, 38, 31, 44, 18, 7, 28, 6, 37, 19, 27, 17, 43, 30, 36, 46, 33, 20, 47, 21, 13, 14, 25, 39, 32, 24]
  Najlepszy dystans: 10690

Iteracja 40:
  Najlepsza trasa: [38, 31, 44, 18, 7, 28, 6, 37, 19, 27, 17, 43, 30, 36, 46, 33, 20, 47, 21, 32, 39, 48, 5, 42, 24, 10, 45, 35, 4, 26, 2, 29, 34, 41, 16, 22, 3, 23, 14, 25, 13, 11, 12, 15, 40, 9, 1, 8, 38]
  Najlepszy dystans: 10628

Iteracja 41:
  Najlepsza trasa: [8, 9, 38, 31, 44, 18, 7, 28, 6, 37, 19, 27, 17, 43, 30, 36, 46, 33, 20, 47, 21, 39, 32, 24, 42, 10, 45, 35, 4, 26, 2, 29, 5, 48, 25, 13, 14, 34, 41, 16, 22, 3, 23, 11, 12, 15, 40, 1, 8]
  Najlepszy dystans: 10752

Iteracja 42:
  Najlepsza trasa: [37, 19, 27, 17, 43, 30, 36, 46, 33, 20, 47, 21, 32, 39, 48, 5, 42, 24, 10, 45, 35, 4, 26, 2, 29, 34, 41, 16, 22, 3, 23, 14, 25, 13, 11, 12, 15, 40, 9, 1, 8, 38, 31, 44, 18, 7, 28, 6, 37]
  Najlepszy dystans: 10628

Iteracja 43:
  Najlepsza trasa: [3, 34, 41, 29, 2, 26, 4, 35, 45, 10, 24, 42, 5, 48, 39, 32, 21, 47, 13, 25, 14, 23, 11, 40, 15, 12, 20, 33, 46, 36, 30, 43, 17, 27, 19, 37, 6, 28, 7, 18, 44, 31, 38, 9, 8, 1, 16, 22, 3]
  Najlepszy dystans: 10711

Iteracja 44:
  Najlepsza trasa: [43, 30, 36, 46, 33, 20, 47, 21, 39, 32, 24, 42, 10, 45, 35, 4, 26, 2, 29, 5, 48, 25, 14, 13, 23, 11, 12, 15, 40, 3, 34, 41, 16, 22, 1, 8, 9, 38, 31, 44, 18, 7, 28, 6, 37, 19, 27, 17, 43]
  Najlepszy dystans: 10796

Iteracja 45:
  Najlepsza trasa: [38, 31, 44, 18, 7, 28, 6, 37, 19, 27, 17, 43, 30, 36, 46, 33, 15, 12, 20, 47, 21, 13, 11, 23, 14, 25, 39, 32, 48, 5, 42, 24, 10, 45, 35, 4, 26, 2, 29, 34, 41, 16, 22, 3, 40, 9, 1, 8, 38]
  Najlepszy dystans: 10754

Iteracja 46:
  Najlepsza trasa: [38, 8, 1, 9, 40, 15, 12, 11, 23, 3, 22, 16, 41, 34, 29, 2, 26, 4, 35, 45, 10, 24, 42, 5, 48, 32, 39, 25, 14, 13, 21, 47, 20, 33, 46, 36, 30, 43, 17, 27, 19, 37, 6, 28, 7, 18, 44, 31, 38]
  Najlepszy dystans: 10653

Iteracja 47:
  Najlepsza trasa: [8, 9, 38, 31, 44, 18, 7, 28, 6, 37, 19, 27, 17, 43, 30, 36, 46, 33, 20, 47, 11, 12, 15, 40, 3, 23, 14, 25, 13, 21, 32, 39, 48, 5, 42, 24, 10, 45, 35, 4, 26, 2, 29, 34, 41, 16, 22, 1, 8]
  Najlepszy dystans: 10712

Iteracja 48:
  Najlepsza trasa: [1, 8, 9, 38, 31, 44, 18, 7, 28, 6, 37, 19, 17, 27, 43, 30, 36, 46, 33, 20, 47, 21, 32, 39, 48, 5, 42, 24, 10, 45, 35, 4, 26, 2, 29, 41, 34, 14, 25, 13, 23, 11, 12, 15, 40, 3, 22, 16, 1]
  Najlepszy dystans: 10746

Iteracja 49:
  Najlepsza trasa: [38, 31, 44, 18, 7, 28, 6, 37, 19, 27, 17, 43, 30, 36, 46, 33, 20, 47, 21, 13, 14, 25, 39, 32, 48, 5, 42, 24, 10, 45, 35, 4, 26, 2, 29, 34, 41, 16, 22, 3, 23, 11, 12, 15, 40, 9, 1, 8, 38]
  Najlepszy dystans: 10653

Iteracja 50:
  Najlepsza trasa: [43, 17, 27, 19, 37, 6, 28, 7, 18, 44, 31, 38, 8, 1, 9, 40, 15, 12, 11, 23, 3, 22, 16, 41, 34, 14, 25, 48, 5, 29, 2, 42, 10, 26, 4, 35, 45, 24, 32, 39, 21, 13, 47, 20, 33, 46, 36, 30, 43]
  Najlepszy dystans: 10734

Iteracja 51:
  Najlepsza trasa: [41, 16, 22, 1, 8, 9, 38, 31, 44, 18, 7, 28, 30, 43, 17, 27, 19, 37, 6, 36, 46, 33, 20, 12, 15, 40, 3, 34, 14, 25, 13, 23, 11, 47, 21, 32, 39, 48, 5, 42, 24, 10, 45, 35, 4, 26, 2, 29, 41]
  Najlepszy dystans: 10796

Iteracja 52:
  Najlepsza trasa: [11, 23, 3, 22, 16, 41, 34, 29, 2, 26, 4, 35, 45, 10, 24, 42, 5, 48, 32, 39, 25, 14, 13, 21, 47, 20, 33, 46, 36, 30, 43, 17, 27, 19, 37, 6, 28, 7, 18, 44, 31, 38, 8, 1, 9, 40, 15, 12, 11]
  Najlepszy dystans: 10653

Iteracja 53:
  Najlepsza trasa: [15, 40, 9, 1, 8, 38, 31, 44, 18, 7, 28, 6, 37, 19, 27, 17, 43, 30, 36, 46, 33, 20, 47, 21, 32, 39, 48, 5, 42, 24, 10, 45, 35, 4, 26, 2, 29, 34, 41, 16, 22, 3, 23, 14, 25, 13, 11, 12, 15]
  Najlepszy dystans: 10628

Iteracja 54:
  Najlepsza trasa: [44, 31, 38, 8, 1, 9, 40, 15, 12, 11, 23, 14, 34, 3, 22, 16, 41, 2, 29, 5, 48, 42, 26, 4, 35, 45, 10, 24, 32, 39, 25, 13, 21, 47, 20, 33, 46, 36, 30, 43, 17, 27, 19, 37, 6, 28, 7, 18, 44]
  Najlepszy dystans: 10845

Iteracja 55:
  Najlepsza trasa: [33, 20, 12, 11, 23, 14, 25, 13, 47, 21, 32, 39, 48, 5, 42, 24, 10, 45, 35, 4, 26, 2, 29, 34, 41, 16, 22, 3, 40, 9, 1, 8, 38, 31, 44, 18, 7, 28, 6, 37, 19, 27, 17, 43, 30, 36, 46, 15, 33]
  Najlepszy dystans: 10716

Iteracja 56:
  Najlepsza trasa: [29, 34, 41, 16, 22, 1, 8, 9, 38, 31, 44, 18, 7, 28, 6, 37, 19, 27, 17, 43, 30, 36, 46, 33, 20, 47, 11, 12, 15, 40, 3, 23, 14, 25, 13, 21, 32, 39, 48, 5, 42, 24, 10, 45, 35, 4, 26, 2, 29]
  Najlepszy dystans: 10712

Iteracja 57:
  Najlepsza trasa: [2, 29, 34, 41, 16, 22, 3, 23, 14, 25, 13, 11, 12, 15, 40, 1, 8, 9, 38, 31, 44, 18, 7, 28, 6, 37, 19, 27, 17, 43, 30, 36, 46, 33, 20, 47, 21, 32, 39, 48, 5, 42, 24, 10, 45, 35, 4, 26, 2]
  Najlepszy dystans: 10638

Iteracja 58:
  Najlepsza trasa: [15, 33, 46, 36, 30, 43, 17, 27, 19, 37, 6, 28, 7, 18, 44, 31, 38, 8, 1, 9, 40, 3, 22, 16, 41, 34, 29, 2, 26, 4, 35, 45, 24, 10, 42, 5, 48, 39, 32, 21, 13, 25, 14, 23, 11, 47, 20, 12, 15]
  Najlepszy dystans: 10656

Iteracja 59:
  Najlepsza trasa: [47, 21, 39, 32, 24, 10, 45, 35, 4, 26, 42, 2, 29, 5, 48, 25, 14, 13, 23, 11, 12, 15, 40, 3, 34, 41, 16, 22, 1, 8, 9, 38, 31, 44, 18, 7, 28, 6, 37, 19, 27, 17, 43, 30, 36, 46, 33, 20, 47]
  Najlepszy dystans: 10738

Iteracja 60:
  Najlepsza trasa: [38, 31, 44, 18, 7, 28, 6, 37, 19, 27, 17, 43, 30, 36, 46, 33, 20, 47, 21, 39, 32, 24, 10, 45, 35, 4, 26, 42, 2, 29, 5, 48, 25, 13, 14, 34, 41, 16, 22, 3, 23, 11, 12, 15, 40, 9, 1, 8, 38]
  Najlepszy dystans: 10684

Iteracja 61:
  Najlepsza trasa: [9, 40, 15, 12, 11, 23, 3, 22, 16, 41, 34, 14, 25, 48, 5, 29, 2, 42, 26, 4, 35, 45, 10, 24, 32, 39, 21, 13, 47, 20, 33, 46, 36, 30, 43, 17, 27, 19, 37, 6, 28, 7, 18, 44, 31, 38, 8, 1, 9]
  Najlepszy dystans: 10688

Iteracja 62:
  Najlepsza trasa: [22, 16, 41, 34, 29, 2, 26, 4, 35, 45, 10, 24, 42, 5, 48, 39, 32, 21, 47, 20, 33, 46, 36, 30, 43, 17, 27, 19, 37, 6, 28, 7, 18, 44, 31, 38, 8, 1, 9, 40, 15, 12, 11, 13, 25, 14, 23, 3, 22]
  Najlepszy dystans: 10628

Iteracja 63:
  Najlepsza trasa: [6, 37, 19, 27, 17, 43, 30, 36, 46, 33, 20, 47, 21, 32, 39, 48, 5, 42, 24, 10, 45, 35, 4, 26, 2, 29, 41, 16, 22, 3, 34, 14, 25, 13, 23, 11, 12, 15, 40, 9, 1, 8, 38, 31, 44, 18, 7, 28, 6]
  Najlepszy dystans: 10653

Iteracja 64:
  Najlepsza trasa: [16, 41, 34, 14, 13, 25, 48, 5, 29, 2, 42, 26, 4, 35, 45, 10, 24, 32, 39, 21, 47, 20, 33, 46, 36, 30, 43, 17, 27, 19, 37, 6, 28, 7, 18, 44, 31, 38, 8, 1, 9, 40, 15, 12, 11, 23, 3, 22, 16]
  Najlepszy dystans: 10684

Iteracja 65:
  Najlepsza trasa: [13, 23, 11, 12, 15, 40, 3, 34, 41, 16, 22, 1, 8, 9, 38, 31, 44, 18, 7, 28, 6, 37, 19, 27, 17, 43, 30, 36, 46, 33, 20, 47, 21, 39, 32, 24, 10, 45, 35, 4, 26, 42, 2, 29, 5, 48, 25, 14, 13]
  Najlepszy dystans: 10738

Iteracja 66:
  Najlepsza trasa: [2, 29, 5, 48, 25, 14, 34, 41, 16, 22, 3, 23, 11, 12, 15, 40, 9, 1, 8, 38, 31, 44, 18, 7, 28, 6, 37, 19, 17, 27, 43, 30, 36, 46, 33, 20, 47, 21, 13, 39, 32, 24, 10, 45, 35, 4, 26, 42, 2]
  Najlepszy dystans: 10743

Iteracja 67:
  Najlepsza trasa: [25, 48, 5, 29, 2, 42, 26, 4, 35, 45, 10, 24, 32, 39, 21, 47, 20, 33, 46, 18, 7, 28, 30, 43, 17, 27, 19, 37, 6, 36, 44, 31, 38, 9, 8, 1, 40, 15, 12, 11, 23, 3, 22, 16, 41, 34, 14, 13, 25]
  Najlepszy dystans: 10802

Iteracja 68:
  Najlepsza trasa: [18, 44, 31, 38, 9, 8, 1, 22, 16, 41, 34, 29, 2, 26, 4, 35, 45, 10, 24, 42, 5, 48, 39, 32, 21, 47, 11, 13, 25, 14, 23, 3, 40, 15, 12, 20, 33, 46, 36, 30, 43, 17, 27, 19, 37, 6, 28, 7, 18]
  Najlepszy dystans: 10736

Iteracja 69:
  Najlepsza trasa: [15, 46, 36, 30, 43, 17, 27, 19, 37, 6, 28, 7, 18, 44, 31, 38, 8, 1, 9, 40, 3, 22, 16, 41, 34, 29, 2, 26, 4, 35, 45, 10, 24, 42, 5, 48, 39, 32, 21, 47, 13, 25, 14, 23, 11, 12, 20, 33, 15]
  Najlepszy dystans: 10716

Iteracja 70:
  Najlepsza trasa: [46, 36, 30, 43, 17, 27, 19, 37, 6, 28, 7, 18, 44, 31, 38, 9, 8, 1, 16, 22, 3, 34, 41, 29, 2, 26, 4, 35, 45, 10, 24, 42, 5, 48, 39, 32, 21, 47, 13, 25, 14, 23, 11, 40, 15, 12, 20, 33, 46]
  Najlepszy dystans: 10711

Iteracja 71:
  Najlepsza trasa: [41, 16, 22, 3, 14, 25, 13, 23, 11, 12, 15, 40, 9, 1, 8, 38, 31, 44, 18, 7, 28, 6, 37, 19, 27, 17, 43, 30, 36, 46, 33, 20, 47, 21, 32, 39, 48, 5, 42, 24, 10, 45, 35, 4, 26, 2, 29, 34, 41]
  Najlepszy dystans: 10661

Iteracja 72:
  Najlepsza trasa: [43, 17, 27, 19, 37, 6, 28, 7, 18, 44, 31, 38, 8, 1, 9, 40, 15, 12, 11, 13, 25, 14, 23, 3, 22, 16, 41, 34, 29, 2, 26, 4, 35, 45, 10, 24, 42, 5, 48, 39, 32, 21, 47, 20, 33, 46, 36, 30, 43]
  Najlepszy dystans: 10628

Iteracja 73:
  Najlepsza trasa: [36, 46, 33, 20, 12, 15, 40, 11, 23, 14, 25, 13, 47, 21, 32, 39, 48, 5, 42, 24, 10, 45, 35, 4, 26, 2, 29, 41, 34, 3, 22, 16, 1, 8, 9, 38, 31, 44, 18, 7, 28, 6, 37, 19, 27, 17, 43, 30, 36]
  Najlepszy dystans: 10711

Iteracja 74:
  Najlepsza trasa: [38, 8, 1, 9, 40, 3, 22, 16, 41, 34, 14, 25, 48, 5, 29, 2, 42, 26, 4, 35, 45, 10, 24, 32, 39, 21, 13, 23, 11, 47, 20, 12, 15, 33, 46, 36, 30, 43, 17, 27, 19, 37, 6, 28, 7, 18, 44, 31, 38]
  Najlepszy dystans: 10767

Iteracja 75:
  Najlepsza trasa: [5, 29, 2, 42, 26, 4, 35, 45, 10, 24, 32, 39, 21, 47, 20, 33, 46, 36, 30, 43, 17, 27, 19, 37, 6, 28, 7, 18, 44, 31, 38, 9, 8, 1, 40, 15, 12, 11, 23, 3, 22, 16, 41, 34, 14, 13, 25, 48, 5]
  Najlepszy dystans: 10694

Iteracja 76:
  Najlepsza trasa: [29, 2, 26, 4, 35, 45, 10, 24, 42, 5, 48, 39, 32, 21, 47, 13, 25, 14, 23, 11, 40, 15, 12, 20, 33, 46, 36, 30, 43, 17, 27, 19, 37, 6, 28, 7, 18, 44, 31, 38, 9, 8, 1, 16, 22, 3, 34, 41, 29]
  Najlepszy dystans: 10711

Iteracja 77:
  Najlepsza trasa: [27, 19, 37, 6, 28, 7, 18, 44, 31, 38, 8, 1, 9, 40, 15, 12, 11, 13, 25, 14, 23, 3, 22, 16, 41, 34, 29, 2, 26, 4, 35, 45, 10, 24, 42, 5, 48, 39, 32, 21, 47, 20, 33, 46, 36, 30, 43, 17, 27]
  Najlepszy dystans: 10628

Iteracja 78:
  Najlepsza trasa: [32, 39, 48, 5, 42, 24, 10, 45, 35, 4, 26, 2, 29, 41, 34, 3, 22, 16, 1, 8, 9, 38, 31, 44, 18, 7, 28, 6, 37, 19, 27, 17, 43, 30, 36, 46, 33, 20, 12, 15, 40, 11, 23, 14, 25, 13, 47, 21, 32]
  Najlepszy dystans: 10711

Iteracja 79:
  Najlepsza trasa: [8, 38, 31, 44, 18, 7, 28, 6, 37, 19, 27, 17, 43, 30, 36, 46, 15, 33, 20, 12, 11, 23, 14, 25, 13, 47, 21, 32, 39, 48, 5, 42, 24, 10, 45, 35, 4, 26, 2, 29, 34, 41, 16, 22, 3, 40, 9, 1, 8]
  Najlepszy dystans: 10716

Iteracja 80:
  Najlepsza trasa: [37, 19, 27, 17, 43, 30, 36, 46, 33, 20, 47, 21, 32, 39, 48, 5, 42, 24, 10, 45, 35, 4, 26, 2, 29, 41, 34, 14, 25, 13, 23, 11, 12, 15, 40, 3, 22, 16, 1, 8, 9, 38, 31, 44, 18, 7, 28, 6, 37]
  Najlepszy dystans: 10707

Iteracja 81:
  Najlepsza trasa: [19, 27, 17, 43, 30, 36, 46, 33, 20, 47, 21, 32, 39, 48, 5, 42, 24, 10, 45, 35, 4, 26, 2, 29, 41, 16, 22, 3, 34, 14, 25, 13, 23, 11, 12, 15, 40, 9, 1, 8, 38, 31, 44, 18, 7, 28, 6, 37, 19]
  Najlepszy dystans: 10653

Iteracja 82:
  Najlepsza trasa: [30, 36, 46, 33, 15, 12, 20, 47, 21, 13, 11, 23, 14, 25, 39, 32, 48, 5, 42, 24, 10, 45, 35, 4, 26, 2, 29, 34, 41, 16, 22, 3, 40, 9, 1, 8, 38, 31, 44, 18, 7, 28, 6, 37, 19, 27, 17, 43, 30]
  Najlepszy dystans: 10754

Iteracja 83:
  Najlepsza trasa: [5, 42, 24, 10, 45, 35, 4, 26, 2, 29, 34, 41, 16, 22, 3, 23, 14, 25, 13, 11, 12, 15, 40, 9, 1, 8, 38, 31, 44, 18, 7, 28, 6, 37, 19, 27, 17, 43, 30, 36, 46, 33, 20, 47, 21, 32, 39, 48, 5]
  Najlepszy dystans: 10628

Iteracja 84:
  Najlepsza trasa: [23, 11, 12, 20, 33, 15, 46, 36, 30, 43, 17, 27, 19, 37, 6, 28, 7, 18, 44, 31, 38, 8, 1, 9, 40, 3, 22, 16, 41, 34, 48, 5, 29, 2, 42, 26, 4, 35, 45, 10, 24, 32, 39, 21, 47, 13, 25, 14, 23]
  Najlepszy dystans: 10840

Iteracja 85:
  Najlepsza trasa: [29, 41, 34, 3, 22, 16, 1, 8, 9, 38, 31, 44, 18, 7, 28, 6, 37, 19, 27, 17, 43, 30, 36, 46, 33, 20, 12, 15, 40, 11, 23, 14, 25, 13, 47, 21, 32, 39, 48, 5, 42, 24, 10, 45, 35, 4, 26, 2, 29]
  Najlepszy dystans: 10711

Iteracja 86:
  Najlepsza trasa: [29, 34, 41, 16, 22, 3, 23, 14, 25, 13, 11, 12, 15, 40, 9, 1, 8, 38, 31, 44, 18, 7, 28, 6, 37, 19, 27, 17, 43, 30, 36, 46, 33, 20, 47, 21, 32, 39, 48, 5, 42, 24, 10, 45, 35, 4, 26, 2, 29]
  Najlepszy dystans: 10628

Iteracja 87:
  Najlepsza trasa: [19, 37, 6, 28, 7, 18, 44, 31, 38, 9, 8, 1, 16, 22, 3, 34, 41, 29, 2, 26, 4, 35, 45, 10, 24, 42, 5, 48, 39, 32, 21, 13, 25, 14, 23, 11, 47, 20, 12, 40, 15, 33, 46, 36, 30, 43, 17, 27, 19]
  Najlepszy dystans: 10725

Iteracja 88:
  Najlepsza trasa: [24, 10, 45, 35, 4, 26, 42, 2, 29, 5, 48, 34, 41, 16, 22, 3, 40, 9, 1, 8, 38, 31, 44, 18, 7, 28, 6, 37, 19, 27, 17, 43, 30, 36, 46, 33, 15, 12, 20, 47, 11, 23, 14, 25, 13, 21, 39, 32, 24]
  Najlepszy dystans: 10772

Iteracja 89:
  Najlepsza trasa: [46, 36, 30, 43, 17, 27, 19, 37, 6, 28, 7, 18, 44, 31, 38, 9, 8, 1, 16, 22, 3, 40, 15, 12, 11, 23, 13, 25, 14, 34, 41, 29, 2, 26, 4, 35, 45, 10, 24, 42, 5, 48, 39, 32, 21, 47, 20, 33, 46]
  Najlepszy dystans: 10707

Iteracja 90:
  Najlepsza trasa: [8, 9, 38, 31, 44, 18, 7, 28, 6, 37, 19, 27, 17, 43, 30, 36, 46, 33, 20, 47, 21, 13, 39, 32, 24, 10, 45, 35, 4, 26, 42, 2, 29, 5, 48, 25, 14, 34, 41, 16, 22, 3, 23, 11, 12, 15, 40, 1, 8]
  Najlepszy dystans: 10714

Iteracja 91:
  Najlepsza trasa: [37, 19, 27, 17, 43, 30, 36, 46, 33, 20, 47, 21, 32, 39, 48, 5, 42, 24, 10, 45, 35, 4, 26, 2, 29, 34, 41, 16, 22, 3, 14, 25, 13, 23, 11, 12, 15, 40, 9, 1, 8, 38, 31, 44, 18, 7, 28, 6, 37]
  Najlepszy dystans: 10661

Iteracja 92:
  Najlepsza trasa: [42, 10, 24, 45, 35, 4, 26, 2, 29, 34, 41, 16, 22, 3, 40, 1, 8, 9, 38, 31, 44, 18, 7, 28, 6, 37, 19, 27, 17, 43, 30, 36, 46, 15, 12, 33, 20, 47, 11, 23, 14, 25, 13, 21, 32, 39, 5, 48, 42]
  Najlepszy dystans: 10785

Iteracja 93:
  Najlepsza trasa: [37, 6, 7, 18, 44, 31, 38, 9, 8, 1, 22, 16, 41, 34, 3, 40, 15, 12, 11, 23, 14, 25, 39, 48, 5, 29, 2, 42, 26, 4, 35, 45, 10, 24, 32, 21, 13, 47, 20, 33, 46, 36, 28, 30, 43, 17, 27, 19, 37]
  Najlepszy dystans: 10866

Iteracja 94:
  Najlepsza trasa: [35, 4, 26, 42, 2, 29, 5, 48, 34, 41, 16, 22, 3, 23, 11, 12, 15, 40, 9, 1, 8, 38, 31, 44, 18, 7, 28, 6, 37, 19, 27, 17, 43, 30, 36, 46, 33, 20, 47, 21, 13, 14, 25, 39, 32, 24, 10, 45, 35]
  Najlepszy dystans: 10690

Iteracja 95:
  Najlepsza trasa: [44, 18, 7, 28, 6, 37, 19, 27, 17, 43, 30, 36, 46, 33, 20, 47, 21, 13, 14, 25, 39, 32, 48, 5, 42, 24, 10, 45, 35, 4, 26, 2, 29, 34, 41, 16, 22, 3, 23, 11, 12, 15, 40, 9, 1, 8, 38, 31, 44]
  Najlepszy dystans: 10653

Iteracja 96:
  Najlepsza trasa: [22, 3, 34, 41, 29, 2, 26, 4, 35, 45, 10, 24, 42, 5, 48, 39, 32, 21, 13, 25, 14, 23, 11, 47, 20, 12, 40, 15, 33, 46, 36, 30, 43, 17, 27, 19, 37, 6, 28, 7, 18, 44, 31, 38, 9, 8, 1, 16, 22]
  Najlepszy dystans: 10725

Iteracja 97:
  Najlepsza trasa: [42, 2, 29, 5, 48, 25, 14, 13, 11, 23, 3, 34, 41, 16, 22, 1, 8, 9, 38, 31, 44, 18, 7, 28, 6, 37, 19, 27, 17, 43, 30, 36, 46, 33, 15, 40, 12, 20, 47, 21, 39, 32, 24, 10, 45, 35, 4, 26, 42]
  Najlepszy dystans: 10801

Iteracja 98:
  Najlepsza trasa: [18, 7, 28, 6, 37, 19, 27, 17, 43, 30, 36, 46, 33, 20, 12, 15, 40, 11, 23, 14, 25, 13, 47, 21, 32, 39, 48, 5, 42, 24, 10, 45, 35, 4, 26, 2, 29, 41, 34, 3, 22, 16, 1, 8, 9, 38, 31, 44, 18]
  Najlepszy dystans: 10711

Iteracja 99:
  Najlepsza trasa: [14, 23, 11, 47, 20, 12, 15, 33, 46, 36, 30, 43, 17, 27, 19, 37, 6, 28, 7, 18, 44, 31, 38, 8, 1, 9, 40, 3, 22, 16, 41, 34, 29, 2, 26, 4, 35, 45, 10, 24, 42, 5, 48, 39, 32, 21, 13, 25, 14]
  Najlepszy dystans: 10648

Iteracja 100:
  Najlepsza trasa: [27, 19, 37, 6, 28, 7, 18, 44, 31, 38, 8, 1, 9, 40, 3, 22, 16, 41, 34, 29, 2, 26, 4, 35, 45, 10, 24, 42, 5, 48, 39, 32, 21, 47, 13, 25, 14, 23, 11, 12, 20, 33, 15, 46, 36, 30, 43, 17, 27]
  Najlepszy dystans: 10716

Najlepsze rozwi¹zanie z 100 iteracji:
  Najlepsza trasa: [10, 45, 35, 4, 26, 2, 29, 34, 41, 16, 22, 3, 23, 14, 25, 13, 11, 12, 15, 40, 9, 1, 8, 38, 31, 44, 18, 7, 28, 6, 37, 19, 27, 17, 43, 30, 36, 46, 33, 20, 47, 21, 32, 39, 48, 5, 42, 24, 10]
  Najlepszy dystans: 10628
Œrednia wartoœæ dystansu z 100 iteracji: 10704.00
Czas dzia³ania algorytmu: 3744.94 sekund
