
Wyniki symulowanego wy¿arzania
Metoda ruchu: two_opt
Liczba epok: 800
Temperatura pocz¹tkowa: 1000
Sch³adzanie: 0.99
Liczba prób: 1000
Liczba iteracji: 10

Iteracja 1:
  Najlepsza trasa: [19, 37, 6, 28, 7, 18, 44, 31, 38, 9, 8, 1, 16, 22, 3, 34, 41, 29, 2, 26, 4, 35, 45, 10, 24, 42, 5, 48, 39, 32, 21, 47, 13, 25, 14, 23, 11, 40, 15, 12, 20, 33, 46, 36, 30, 43, 17, 27, 19]
  Najlepszy dystans: 10711

Iteracja 2:
  Najlepsza trasa: [48, 42, 24, 10, 45, 35, 4, 26, 2, 29, 34, 41, 16, 22, 3, 23, 14, 25, 13, 11, 12, 15, 40, 9, 1, 8, 38, 31, 44, 18, 7, 28, 6, 37, 19, 27, 17, 43, 30, 36, 46, 33, 20, 47, 21, 32, 39, 5, 48]
  Najlepszy dystans: 10707

Iteracja 3:
  Najlepsza trasa: [25, 14, 34, 41, 29, 2, 26, 4, 35, 45, 10, 24, 42, 5, 48, 39, 32, 21, 47, 20, 33, 46, 36, 30, 43, 17, 27, 19, 37, 6, 28, 7, 18, 44, 31, 38, 9, 8, 1, 16, 22, 3, 40, 15, 12, 11, 23, 13, 25]
  Najlepszy dystans: 10707

Iteracja 4:
  Najlepsza trasa: [46, 33, 20, 47, 21, 32, 39, 48, 5, 42, 24, 10, 45, 35, 4, 26, 2, 29, 41, 16, 22, 3, 34, 14, 25, 13, 23, 11, 12, 15, 40, 9, 1, 8, 38, 31, 44, 18, 7, 28, 6, 37, 19, 27, 17, 43, 30, 36, 46]
  Najlepszy dystans: 10653

Iteracja 5:
  Najlepsza trasa: [19, 27, 17, 43, 30, 36, 46, 33, 20, 47, 21, 13, 14, 25, 39, 32, 48, 5, 42, 24, 10, 45, 35, 4, 26, 2, 29, 34, 41, 16, 22, 3, 23, 11, 12, 15, 40, 9, 1, 8, 38, 31, 44, 18, 7, 28, 6, 37, 19]
  Najlepszy dystans: 10653

Iteracja 6:
  Najlepsza trasa: [7, 28, 6, 37, 19, 27, 17, 43, 30, 36, 46, 33, 20, 47, 13, 21, 39, 32, 24, 10, 45, 35, 4, 26, 42, 2, 29, 5, 48, 25, 14, 34, 41, 16, 22, 3, 23, 11, 12, 15, 40, 9, 1, 8, 38, 31, 44, 18, 7]
  Najlepszy dystans: 10688

Iteracja 7:
  Najlepsza trasa: [1, 8, 38, 31, 44, 18, 7, 28, 6, 37, 19, 27, 17, 43, 30, 36, 46, 33, 20, 47, 21, 32, 39, 48, 5, 42, 24, 10, 45, 35, 4, 26, 2, 29, 41, 16, 22, 3, 34, 14, 25, 13, 23, 11, 12, 15, 40, 9, 1]
  Najlepszy dystans: 10653

Iteracja 8:
  Najlepsza trasa: [37, 19, 27, 17, 43, 30, 36, 46, 33, 15, 40, 12, 20, 47, 11, 23, 14, 25, 13, 21, 39, 32, 24, 10, 45, 35, 4, 26, 42, 2, 29, 5, 48, 34, 41, 3, 22, 16, 1, 8, 9, 38, 31, 44, 18, 7, 28, 6, 37]
  Najlepszy dystans: 10859

Iteracja 9:
  Najlepsza trasa: [27, 17, 43, 30, 36, 46, 33, 15, 40, 11, 12, 20, 47, 21, 13, 23, 14, 25, 39, 32, 24, 45, 35, 4, 26, 10, 42, 2, 29, 5, 48, 34, 41, 3, 22, 16, 1, 8, 9, 38, 31, 44, 18, 7, 28, 6, 37, 19, 27]
  Najlepszy dystans: 10975

Iteracja 10:
  Najlepsza trasa: [2, 29, 5, 48, 34, 41, 16, 22, 3, 40, 9, 1, 8, 38, 31, 44, 18, 7, 28, 6, 37, 19, 27, 17, 43, 30, 36, 46, 15, 33, 20, 12, 11, 23, 14, 25, 13, 47, 21, 39, 32, 24, 10, 45, 35, 4, 26, 42, 2]
  Najlepszy dystans: 10840

Najlepsze rozwi¹zanie z 10 iteracji:
  Najlepsza trasa: [46, 33, 20, 47, 21, 32, 39, 48, 5, 42, 24, 10, 45, 35, 4, 26, 2, 29, 41, 16, 22, 3, 34, 14, 25, 13, 23, 11, 12, 15, 40, 9, 1, 8, 38, 31, 44, 18, 7, 28, 6, 37, 19, 27, 17, 43, 30, 36, 46]
  Najlepszy dystans: 10653
Œrednia wartoœæ dystansu z 10 iteracji: 10744.60
Czas dzia³ania algorytmu: 309.00 sekund
