
Wyniki symulowanego wy¿arzania
Metoda ruchu: insert
Liczba epok: 800
Temperatura pocz¹tkowa: 10000
Sch³adzanie: 0.99
Liczba prób: 1000
Liczba iteracji: 10

Iteracja 1:
  Najlepsza trasa: [69, 70, 68, 74, 18, 77, 79, 80, 17, 21, 22, 23, 24, 6, 106, 15, 105, 7, 1, 16, 14, 41, 36, 37, 35, 2, 51, 121, 52, 124, 55, 66, 100, 58, 64, 113, 65, 99, 92, 89, 125, 104, 59, 62, 91, 61, 60, 116, 90, 3, 10, 13, 50, 57, 54, 44, 45, 103, 95, 93, 127, 107, 111, 112, 94, 46, 118, 48, 53, 49, 47, 56, 5, 115, 120, 114, 11, 9, 8, 67, 71, 109, 96, 88, 87, 86, 85, 110, 73, 72, 19, 4, 108, 20, 12, 31, 27, 30, 34, 43, 40, 42, 39, 38, 26, 25, 33, 29, 32, 122, 28, 123, 97, 98, 101, 102, 83, 82, 126, 81, 84, 117, 78, 76, 75, 63, 119, 69]
  Najlepszy dystans: 132271.24114637662

Iteracja 2:
  Najlepsza trasa: [67, 116, 90, 91, 61, 62, 60, 59, 104, 125, 89, 92, 99, 65, 113, 64, 58, 100, 3, 10, 120, 7, 1, 16, 2, 51, 5, 52, 66, 55, 124, 121, 57, 54, 44, 45, 103, 93, 95, 123, 97, 98, 127, 107, 111, 112, 94, 46, 118, 48, 53, 49, 47, 56, 50, 115, 13, 114, 105, 15, 106, 6, 108, 4, 19, 72, 8, 9, 11, 24, 23, 22, 21, 17, 20, 12, 27, 26, 33, 122, 28, 32, 29, 25, 38, 39, 42, 34, 43, 40, 35, 37, 36, 41, 14, 30, 31, 80, 79, 76, 75, 69, 70, 68, 71, 110, 85, 86, 87, 88, 109, 96, 119, 63, 102, 101, 83, 82, 126, 81, 84, 117, 78, 77, 18, 74, 73, 67]
  Najlepszy dystans: 125996.96930906673

Iteracja 3:
  Najlepsza trasa: [75, 78, 79, 80, 117, 83, 82, 126, 81, 84, 76, 77, 18, 21, 17, 20, 108, 15, 106, 6, 114, 105, 7, 120, 13, 50, 51, 2, 1, 16, 14, 12, 31, 27, 26, 25, 33, 29, 32, 122, 28, 38, 39, 42, 34, 43, 30, 41, 36, 37, 35, 40, 95, 123, 97, 98, 101, 102, 63, 119, 96, 70, 71, 68, 74, 73, 67, 8, 72, 19, 22, 4, 23, 24, 9, 11, 3, 90, 116, 60, 59, 62, 61, 91, 58, 64, 100, 10, 115, 5, 52, 124, 56, 121, 57, 54, 44, 45, 103, 93, 127, 107, 111, 112, 94, 46, 118, 48, 53, 49, 47, 55, 66, 113, 65, 99, 92, 89, 125, 104, 110, 85, 86, 87, 88, 109, 69, 75]
  Najlepszy dystans: 126732.08610357805

Iteracja 4:
  Najlepsza trasa: [114, 106, 6, 108, 15, 105, 7, 1, 16, 14, 41, 30, 39, 42, 123, 95, 93, 127, 107, 111, 112, 94, 46, 49, 47, 53, 118, 48, 45, 103, 44, 54, 57, 51, 2, 37, 36, 35, 40, 43, 34, 38, 25, 29, 32, 98, 97, 28, 122, 33, 26, 27, 31, 12, 20, 17, 21, 18, 77, 79, 80, 78, 76, 75, 117, 84, 81, 126, 82, 83, 101, 102, 63, 119, 69, 70, 71, 68, 74, 73, 67, 8, 72, 19, 22, 4, 23, 24, 9, 11, 120, 10, 115, 13, 50, 121, 56, 5, 52, 124, 55, 66, 100, 58, 64, 113, 65, 99, 92, 89, 125, 104, 85, 86, 87, 88, 96, 109, 110, 59, 62, 91, 61, 60, 116, 90, 3, 114]
  Najlepszy dystans: 130393.82319247462

Iteracja 5:
  Najlepsza trasa: [25, 38, 26, 27, 31, 30, 41, 16, 1, 2, 51, 57, 54, 44, 45, 103, 93, 127, 107, 111, 112, 94, 46, 118, 48, 53, 49, 47, 55, 66, 124, 52, 5, 56, 121, 50, 13, 115, 10, 120, 7, 105, 114, 6, 106, 15, 108, 21, 18, 77, 79, 80, 17, 4, 23, 24, 9, 11, 3, 90, 116, 60, 59, 62, 61, 91, 100, 58, 64, 113, 65, 99, 92, 89, 125, 104, 70, 69, 75, 76, 78, 117, 84, 81, 126, 82, 83, 101, 102, 63, 119, 96, 109, 88, 87, 86, 85, 110, 71, 68, 74, 73, 67, 8, 72, 19, 22, 20, 12, 14, 37, 36, 35, 40, 43, 34, 39, 42, 95, 123, 98, 97, 28, 122, 32, 29, 33, 25]
  Najlepszy dystans: 125806.33674595469

Iteracja 6:
  Najlepsza trasa: [112, 94, 46, 118, 48, 53, 49, 47, 55, 66, 124, 52, 5, 56, 121, 50, 13, 115, 10, 120, 7, 1, 16, 37, 36, 35, 40, 43, 34, 42, 39, 38, 26, 25, 33, 29, 32, 122, 28, 123, 97, 98, 101, 102, 63, 119, 82, 83, 126, 81, 84, 117, 78, 77, 18, 74, 73, 67, 8, 72, 19, 21, 17, 22, 4, 23, 24, 9, 11, 3, 90, 116, 60, 59, 62, 61, 91, 100, 58, 64, 113, 65, 99, 92, 89, 125, 104, 85, 86, 87, 88, 96, 109, 110, 71, 68, 70, 69, 75, 76, 79, 80, 31, 27, 30, 41, 14, 12, 20, 108, 15, 106, 6, 114, 105, 2, 51, 57, 54, 44, 45, 103, 95, 93, 127, 107, 111, 112]
  Najlepszy dystans: 124219.34660936198

Iteracja 7:
  Najlepsza trasa: [76, 78, 117, 84, 81, 126, 82, 83, 32, 29, 28, 122, 33, 25, 38, 26, 27, 31, 30, 41, 14, 12, 20, 22, 19, 8, 72, 74, 73, 67, 59, 104, 125, 89, 92, 99, 65, 113, 66, 55, 47, 49, 53, 45, 103, 44, 57, 121, 56, 124, 52, 5, 50, 2, 35, 43, 34, 39, 42, 95, 93, 127, 107, 111, 112, 94, 46, 118, 48, 54, 51, 105, 114, 6, 106, 15, 108, 21, 18, 77, 79, 80, 17, 4, 23, 24, 9, 11, 3, 90, 116, 60, 62, 61, 91, 58, 64, 100, 10, 115, 13, 120, 7, 1, 16, 37, 36, 40, 123, 97, 98, 101, 102, 63, 119, 96, 109, 88, 87, 86, 85, 110, 71, 68, 70, 69, 75, 76]
  Najlepszy dystans: 131184.61349506024

Iteracja 8:
  Najlepsza trasa: [5, 121, 56, 47, 49, 53, 48, 118, 46, 94, 112, 111, 107, 127, 93, 95, 42, 34, 39, 38, 26, 25, 33, 122, 28, 29, 32, 117, 84, 81, 126, 82, 83, 102, 101, 98, 97, 123, 40, 43, 41, 14, 16, 1, 7, 105, 106, 6, 24, 9, 11, 3, 10, 52, 124, 55, 66, 64, 58, 91, 61, 90, 116, 60, 62, 59, 104, 125, 89, 92, 99, 65, 113, 100, 115, 2, 51, 57, 54, 45, 103, 44, 35, 37, 36, 30, 27, 31, 12, 20, 22, 4, 23, 19, 72, 8, 67, 73, 74, 68, 70, 71, 110, 85, 86, 87, 88, 109, 96, 119, 63, 69, 75, 76, 78, 80, 79, 77, 18, 21, 17, 108, 15, 114, 120, 13, 50, 5]
  Najlepszy dystans: 129928.13010110792

Iteracja 9:
  Najlepsza trasa: [28, 122, 33, 25, 26, 38, 39, 42, 34, 43, 40, 35, 36, 37, 14, 12, 20, 22, 4, 8, 67, 59, 62, 60, 116, 90, 61, 91, 58, 64, 100, 3, 11, 9, 24, 23, 19, 72, 74, 73, 68, 71, 70, 69, 75, 63, 119, 96, 109, 88, 87, 86, 85, 110, 104, 125, 89, 92, 99, 65, 113, 66, 55, 124, 52, 5, 56, 121, 50, 13, 115, 10, 120, 7, 105, 114, 6, 106, 15, 108, 17, 21, 18, 77, 76, 78, 80, 79, 31, 27, 30, 41, 16, 1, 2, 51, 57, 54, 44, 103, 45, 48, 118, 53, 47, 49, 46, 94, 112, 111, 107, 127, 93, 95, 123, 97, 98, 101, 102, 83, 82, 126, 81, 84, 117, 32, 29, 28]
  Najlepszy dystans: 123167.69254799992

Iteracja 10:
  Najlepsza trasa: [14, 12, 31, 27, 79, 80, 117, 84, 81, 126, 82, 83, 101, 102, 63, 119, 96, 109, 88, 87, 86, 85, 110, 71, 68, 70, 69, 75, 76, 78, 32, 29, 25, 33, 122, 28, 95, 127, 93, 103, 45, 44, 57, 121, 5, 52, 124, 55, 66, 113, 125, 104, 89, 92, 99, 65, 64, 58, 100, 91, 61, 62, 59, 60, 116, 90, 3, 11, 9, 24, 23, 4, 22, 19, 72, 8, 67, 73, 74, 77, 18, 21, 17, 20, 108, 15, 106, 6, 114, 105, 13, 115, 10, 120, 7, 1, 16, 2, 51, 50, 56, 47, 49, 53, 118, 94, 107, 111, 112, 46, 48, 54, 35, 37, 36, 40, 43, 34, 39, 42, 123, 98, 97, 38, 26, 30, 41, 14]
  Najlepszy dystans: 135030.77714501473

Najlepsze rozwi¹zanie z 10 iteracji:
  Najlepsza trasa: [28, 122, 33, 25, 26, 38, 39, 42, 34, 43, 40, 35, 36, 37, 14, 12, 20, 22, 4, 8, 67, 59, 62, 60, 116, 90, 61, 91, 58, 64, 100, 3, 11, 9, 24, 23, 19, 72, 74, 73, 68, 71, 70, 69, 75, 63, 119, 96, 109, 88, 87, 86, 85, 110, 104, 125, 89, 92, 99, 65, 113, 66, 55, 124, 52, 5, 56, 121, 50, 13, 115, 10, 120, 7, 105, 114, 6, 106, 15, 108, 17, 21, 18, 77, 76, 78, 80, 79, 31, 27, 30, 41, 16, 1, 2, 51, 57, 54, 44, 103, 45, 48, 118, 53, 47, 49, 46, 94, 112, 111, 107, 127, 93, 95, 123, 97, 98, 101, 102, 83, 82, 126, 81, 84, 117, 32, 29, 28]
  Najlepszy dystans: 123167.69254799992
Œrednia wartoœæ dystansu z 10 iteracji: 128473.10
Czas dzia³ania algorytmu: 743.38 sekund
