
Wyniki symulowanego wy¿arzania
Metoda ruchu: two_opt
Liczba epok: 800
Temperatura pocz¹tkowa: 10000
Sch³adzanie: 0.99
Liczba prób: 1000
Liczba iteracji: 100

Iteracja 1:
  Najlepsza trasa: [104, 59, 62, 60, 116, 90, 61, 91, 58, 64, 100, 3, 10, 120, 7, 1, 16, 37, 35, 36, 41, 30, 14, 12, 20, 108, 24, 6, 106, 15, 105, 114, 11, 9, 23, 4, 22, 17, 21, 19, 8, 72, 18, 77, 74, 73, 67, 68, 75, 69, 70, 71, 110, 85, 86, 87, 88, 109, 96, 119, 63, 102, 101, 83, 82, 126, 81, 84, 117, 78, 76, 79, 80, 31, 27, 26, 25, 33, 29, 32, 122, 28, 38, 39, 42, 34, 43, 40, 44, 45, 103, 93, 95, 123, 97, 98, 127, 107, 111, 112, 94, 46, 118, 48, 53, 49, 47, 56, 121, 54, 57, 51, 2, 13, 115, 50, 5, 52, 124, 55, 66, 113, 65, 99, 92, 89, 125, 104]
  Najlepszy dystans: 122875.58135014107

Iteracja 2:
  Najlepsza trasa: [53, 48, 118, 46, 94, 112, 111, 107, 127, 93, 95, 123, 98, 97, 28, 122, 32, 29, 33, 25, 26, 38, 39, 42, 40, 43, 34, 30, 41, 14, 12, 31, 27, 80, 79, 78, 76, 77, 18, 72, 8, 19, 22, 21, 17, 20, 15, 106, 6, 108, 4, 23, 24, 9, 11, 114, 105, 7, 1, 16, 37, 36, 35, 44, 103, 45, 54, 57, 121, 56, 124, 52, 5, 51, 2, 50, 115, 13, 120, 10, 3, 100, 64, 58, 91, 61, 90, 116, 60, 62, 59, 67, 73, 74, 68, 71, 70, 69, 75, 117, 84, 81, 126, 82, 83, 101, 102, 63, 119, 96, 109, 88, 87, 86, 85, 110, 104, 125, 89, 92, 99, 65, 113, 66, 55, 47, 49, 53]
  Najlepszy dystans: 120469.93023427385

Iteracja 3:
  Najlepsza trasa: [13, 120, 10, 100, 64, 58, 91, 61, 62, 59, 60, 116, 90, 3, 11, 9, 24, 23, 4, 22, 19, 21, 17, 20, 108, 15, 106, 6, 114, 105, 7, 1, 16, 2, 51, 57, 54, 44, 103, 45, 48, 118, 53, 47, 49, 46, 94, 112, 111, 107, 127, 93, 95, 123, 98, 97, 28, 122, 32, 29, 33, 25, 26, 38, 39, 42, 34, 43, 40, 35, 37, 36, 41, 30, 14, 12, 31, 27, 80, 79, 77, 18, 72, 8, 67, 73, 74, 68, 71, 70, 69, 75, 76, 78, 117, 84, 81, 126, 82, 83, 101, 102, 63, 119, 96, 109, 88, 87, 86, 85, 110, 104, 125, 89, 92, 99, 65, 113, 66, 55, 124, 52, 5, 56, 121, 50, 115, 13]
  Najlepszy dystans: 118706.34759590263

Iteracja 4:
  Najlepsza trasa: [57, 54, 45, 103, 44, 40, 35, 37, 36, 41, 14, 12, 31, 30, 43, 34, 42, 39, 38, 28, 122, 32, 29, 33, 25, 26, 27, 80, 79, 76, 78, 117, 84, 81, 126, 83, 82, 75, 69, 70, 110, 71, 68, 67, 73, 74, 77, 18, 72, 8, 19, 4, 22, 21, 17, 20, 108, 15, 106, 6, 24, 23, 9, 11, 114, 105, 7, 1, 16, 2, 51, 50, 115, 13, 120, 10, 3, 90, 116, 60, 59, 62, 61, 91, 58, 64, 100, 52, 124, 55, 66, 113, 65, 99, 92, 89, 125, 104, 85, 86, 87, 88, 109, 96, 119, 63, 102, 101, 98, 97, 123, 95, 93, 127, 107, 111, 112, 94, 46, 118, 48, 53, 49, 47, 56, 5, 121, 57]
  Najlepszy dystans: 123145.8491142656

Iteracja 5:
  Najlepsza trasa: [12, 31, 27, 30, 43, 34, 42, 39, 38, 26, 25, 33, 122, 28, 29, 32, 80, 79, 78, 117, 81, 84, 76, 75, 69, 70, 71, 68, 67, 73, 74, 77, 18, 72, 8, 19, 23, 4, 22, 21, 17, 20, 108, 15, 106, 6, 24, 9, 11, 114, 105, 16, 1, 7, 120, 3, 90, 116, 60, 59, 62, 61, 91, 58, 64, 100, 10, 115, 13, 50, 2, 51, 121, 5, 52, 124, 55, 66, 113, 65, 99, 92, 89, 125, 104, 110, 85, 86, 87, 88, 109, 96, 119, 63, 126, 82, 83, 102, 101, 98, 97, 123, 95, 93, 127, 107, 111, 112, 94, 46, 118, 48, 53, 49, 47, 56, 57, 54, 45, 103, 44, 40, 35, 37, 36, 41, 14, 12]
  Najlepszy dystans: 120939.14999798451

Iteracja 6:
  Najlepsza trasa: [46, 94, 112, 111, 107, 127, 93, 95, 123, 97, 98, 101, 102, 83, 82, 126, 81, 84, 117, 78, 76, 75, 70, 69, 63, 119, 96, 109, 88, 87, 86, 85, 110, 71, 68, 67, 73, 74, 77, 18, 21, 17, 22, 19, 72, 8, 9, 11, 24, 23, 4, 20, 108, 6, 106, 15, 105, 114, 120, 7, 1, 16, 37, 35, 36, 41, 30, 14, 12, 31, 27, 79, 80, 32, 29, 28, 122, 33, 25, 26, 38, 39, 42, 34, 43, 40, 44, 103, 45, 54, 57, 51, 2, 13, 115, 10, 3, 100, 64, 58, 91, 61, 90, 116, 60, 62, 59, 104, 125, 89, 92, 99, 65, 113, 66, 55, 124, 52, 5, 50, 121, 56, 47, 49, 53, 48, 118, 46]
  Najlepszy dystans: 122322.10332298029

Iteracja 7:
  Najlepsza trasa: [108, 24, 9, 11, 114, 105, 7, 1, 16, 2, 51, 50, 13, 120, 10, 3, 90, 116, 60, 59, 62, 61, 91, 58, 64, 100, 115, 5, 52, 124, 56, 121, 57, 54, 45, 103, 44, 40, 35, 37, 36, 41, 14, 12, 30, 43, 34, 42, 39, 38, 28, 122, 32, 29, 33, 25, 26, 27, 31, 80, 79, 18, 77, 76, 75, 78, 117, 84, 81, 126, 82, 83, 102, 101, 98, 97, 123, 95, 93, 127, 107, 111, 112, 94, 46, 118, 48, 53, 49, 47, 55, 66, 113, 65, 99, 92, 89, 125, 104, 110, 85, 86, 87, 88, 109, 96, 119, 63, 69, 70, 71, 68, 74, 73, 67, 8, 72, 19, 23, 4, 22, 21, 17, 20, 15, 106, 6, 108]
  Najlepszy dystans: 120827.6091505719

Iteracja 8:
  Najlepsza trasa: [108, 6, 106, 15, 105, 16, 1, 7, 120, 114, 11, 9, 24, 23, 19, 4, 22, 17, 21, 18, 72, 8, 67, 73, 74, 68, 71, 70, 69, 75, 63, 119, 96, 109, 88, 87, 86, 85, 110, 104, 125, 89, 92, 99, 65, 113, 64, 58, 100, 91, 61, 62, 59, 60, 116, 90, 3, 10, 115, 13, 50, 2, 51, 44, 103, 45, 54, 57, 121, 56, 5, 52, 124, 66, 55, 47, 49, 53, 48, 118, 46, 94, 112, 111, 107, 127, 93, 95, 123, 97, 98, 101, 102, 83, 82, 126, 81, 84, 117, 78, 76, 77, 79, 80, 31, 27, 30, 26, 25, 33, 32, 29, 122, 28, 38, 39, 42, 34, 43, 40, 35, 37, 36, 41, 14, 12, 20, 108]
  Najlepszy dystans: 121246.82168958541

Iteracja 9:
  Najlepsza trasa: [75, 126, 82, 83, 81, 84, 117, 76, 78, 80, 79, 77, 18, 74, 73, 67, 8, 72, 19, 23, 24, 4, 22, 21, 17, 20, 108, 15, 106, 6, 9, 11, 114, 105, 7, 1, 16, 37, 41, 30, 14, 12, 31, 27, 26, 25, 33, 29, 32, 122, 28, 38, 39, 42, 34, 43, 40, 36, 35, 44, 103, 45, 54, 57, 121, 56, 124, 52, 5, 51, 2, 50, 115, 13, 120, 10, 3, 100, 64, 58, 91, 61, 90, 116, 60, 62, 59, 104, 125, 89, 92, 99, 65, 113, 66, 55, 47, 49, 53, 48, 118, 46, 94, 112, 111, 107, 127, 93, 95, 123, 97, 98, 101, 102, 63, 119, 96, 109, 88, 87, 86, 85, 110, 71, 68, 70, 69, 75]
  Najlepszy dystans: 120842.73798543618

Iteracja 10:
  Najlepsza trasa: [51, 50, 13, 115, 10, 120, 7, 1, 16, 37, 36, 41, 14, 30, 27, 31, 12, 20, 108, 6, 106, 15, 105, 114, 11, 9, 8, 72, 19, 23, 24, 4, 22, 17, 21, 18, 77, 74, 73, 67, 68, 71, 70, 69, 75, 76, 79, 80, 78, 117, 84, 81, 126, 82, 83, 101, 102, 63, 119, 96, 109, 88, 87, 86, 85, 110, 104, 125, 89, 92, 99, 65, 113, 64, 58, 91, 61, 62, 59, 60, 116, 90, 3, 100, 66, 55, 124, 52, 5, 56, 121, 57, 54, 44, 103, 45, 48, 118, 53, 47, 49, 46, 94, 112, 111, 107, 127, 93, 95, 123, 97, 98, 32, 29, 28, 122, 33, 25, 26, 38, 39, 42, 34, 43, 40, 35, 2, 51]
  Najlepszy dystans: 121307.95947387641

Iteracja 11:
  Najlepsza trasa: [112, 94, 46, 118, 48, 53, 49, 47, 55, 66, 65, 99, 92, 89, 104, 125, 113, 64, 58, 100, 91, 61, 62, 59, 60, 116, 90, 3, 10, 115, 50, 13, 120, 7, 1, 16, 2, 51, 121, 5, 52, 124, 56, 57, 54, 45, 103, 44, 40, 35, 37, 36, 41, 14, 12, 30, 43, 34, 42, 39, 38, 28, 122, 32, 29, 33, 25, 26, 27, 31, 80, 79, 77, 18, 21, 17, 20, 108, 6, 106, 15, 105, 114, 11, 9, 24, 23, 4, 22, 19, 72, 8, 67, 73, 74, 68, 76, 78, 117, 84, 81, 126, 75, 69, 70, 71, 110, 85, 86, 87, 88, 109, 96, 119, 63, 82, 83, 102, 101, 98, 97, 123, 95, 93, 127, 107, 111, 112]
  Najlepszy dystans: 121758.64782459228

Iteracja 12:
  Najlepsza trasa: [94, 112, 111, 107, 127, 98, 97, 123, 95, 93, 103, 45, 44, 54, 57, 51, 50, 115, 13, 2, 16, 1, 7, 120, 10, 100, 64, 58, 91, 61, 62, 59, 60, 116, 90, 3, 9, 11, 114, 105, 15, 106, 6, 108, 24, 23, 4, 22, 19, 21, 17, 20, 12, 14, 30, 41, 36, 37, 35, 40, 43, 34, 42, 39, 38, 28, 122, 32, 29, 33, 25, 26, 27, 31, 80, 79, 77, 18, 72, 8, 67, 73, 74, 68, 71, 70, 69, 75, 76, 78, 117, 84, 81, 126, 82, 83, 101, 102, 63, 119, 96, 109, 88, 87, 86, 85, 110, 104, 125, 89, 92, 99, 65, 113, 66, 55, 124, 52, 5, 121, 56, 47, 49, 53, 48, 118, 46, 94]
  Najlepszy dystans: 120035.83147183867

Iteracja 13:
  Najlepsza trasa: [111, 112, 94, 46, 118, 48, 53, 49, 47, 54, 45, 103, 44, 40, 35, 37, 36, 41, 14, 12, 30, 43, 34, 42, 39, 38, 28, 122, 32, 29, 33, 25, 26, 27, 31, 80, 79, 18, 77, 76, 78, 117, 84, 81, 126, 83, 82, 75, 69, 70, 71, 68, 74, 73, 67, 8, 72, 19, 4, 22, 21, 17, 20, 108, 15, 105, 114, 106, 6, 24, 23, 9, 11, 3, 90, 116, 60, 59, 62, 61, 91, 64, 58, 100, 10, 115, 50, 13, 120, 7, 1, 16, 2, 51, 57, 121, 56, 5, 52, 124, 55, 66, 113, 65, 99, 92, 89, 125, 104, 110, 85, 86, 87, 88, 109, 96, 119, 63, 102, 101, 98, 97, 123, 95, 93, 127, 107, 111]
  Najlepszy dystans: 120496.16466831909

Iteracja 14:
  Najlepsza trasa: [65, 99, 92, 89, 104, 125, 113, 64, 58, 100, 91, 61, 62, 59, 60, 116, 90, 3, 10, 120, 7, 13, 115, 50, 2, 51, 121, 57, 54, 45, 103, 44, 40, 35, 37, 36, 41, 14, 16, 1, 105, 114, 15, 106, 6, 11, 9, 24, 23, 4, 108, 20, 17, 21, 22, 19, 8, 72, 18, 77, 74, 73, 67, 68, 76, 75, 69, 70, 71, 110, 85, 86, 87, 88, 109, 96, 119, 63, 102, 101, 83, 82, 126, 81, 84, 117, 78, 79, 80, 27, 31, 12, 30, 43, 34, 42, 39, 38, 26, 25, 33, 122, 28, 29, 32, 98, 97, 123, 95, 93, 127, 107, 111, 112, 94, 46, 118, 48, 53, 49, 47, 56, 5, 52, 124, 55, 66, 65]
  Najlepszy dystans: 122048.76505250939

Iteracja 15:
  Najlepsza trasa: [39, 42, 34, 43, 40, 35, 44, 103, 45, 54, 57, 56, 124, 52, 5, 121, 51, 2, 50, 115, 13, 7, 120, 10, 3, 100, 64, 58, 91, 61, 62, 59, 60, 116, 90, 11, 9, 24, 23, 8, 72, 19, 4, 22, 21, 17, 20, 108, 15, 106, 6, 114, 105, 1, 16, 37, 36, 41, 30, 14, 12, 31, 27, 80, 79, 77, 18, 74, 73, 67, 68, 71, 70, 69, 75, 76, 78, 117, 84, 81, 126, 82, 83, 101, 102, 63, 119, 96, 109, 88, 87, 86, 85, 110, 104, 125, 89, 92, 99, 65, 113, 66, 55, 47, 49, 53, 48, 118, 46, 94, 112, 111, 107, 127, 93, 95, 123, 98, 97, 28, 122, 32, 29, 33, 25, 26, 38, 39]
  Najlepszy dystans: 119550.38666398692

Iteracja 16:
  Najlepsza trasa: [120, 7, 105, 114, 6, 106, 15, 108, 20, 17, 21, 18, 77, 79, 80, 31, 27, 30, 12, 14, 41, 36, 37, 16, 1, 2, 51, 50, 5, 52, 124, 56, 121, 57, 54, 45, 103, 44, 35, 40, 43, 34, 42, 39, 38, 26, 25, 33, 29, 32, 122, 28, 97, 98, 123, 95, 93, 127, 107, 111, 112, 94, 46, 118, 48, 53, 49, 47, 55, 66, 113, 65, 99, 92, 89, 125, 104, 110, 85, 86, 87, 88, 109, 96, 119, 63, 102, 101, 83, 82, 126, 81, 84, 117, 78, 76, 75, 69, 70, 71, 68, 74, 73, 67, 8, 72, 19, 22, 4, 23, 24, 9, 11, 3, 90, 116, 60, 59, 62, 61, 91, 58, 64, 100, 10, 115, 13, 120]
  Najlepszy dystans: 118532.85864333673

Iteracja 17:
  Najlepsza trasa: [33, 25, 26, 27, 30, 41, 14, 12, 31, 80, 79, 76, 78, 117, 84, 81, 126, 83, 82, 75, 69, 70, 71, 68, 74, 73, 67, 8, 72, 18, 77, 17, 21, 19, 22, 4, 23, 24, 9, 11, 6, 108, 20, 15, 106, 105, 114, 120, 7, 1, 16, 2, 51, 50, 13, 115, 10, 3, 90, 116, 60, 59, 62, 61, 91, 100, 58, 64, 113, 65, 99, 92, 89, 125, 104, 110, 85, 86, 87, 88, 109, 96, 119, 63, 102, 101, 98, 97, 123, 95, 93, 127, 107, 111, 112, 94, 46, 118, 48, 53, 49, 47, 55, 66, 124, 52, 5, 56, 121, 57, 54, 45, 103, 44, 35, 37, 36, 40, 43, 34, 42, 39, 38, 28, 122, 32, 29, 33]
  Najlepszy dystans: 120840.79424340717

Iteracja 18:
  Najlepsza trasa: [75, 68, 67, 73, 74, 77, 18, 72, 8, 19, 23, 4, 22, 21, 17, 20, 108, 24, 9, 11, 6, 106, 15, 105, 114, 7, 1, 16, 37, 36, 35, 44, 103, 45, 54, 57, 51, 2, 50, 115, 13, 120, 10, 3, 90, 116, 60, 59, 62, 61, 91, 100, 58, 64, 113, 125, 104, 89, 92, 99, 65, 66, 55, 124, 52, 5, 121, 56, 47, 49, 53, 48, 118, 46, 94, 112, 111, 107, 127, 93, 95, 123, 98, 97, 28, 122, 32, 29, 33, 25, 26, 38, 39, 42, 40, 43, 34, 30, 41, 14, 12, 31, 27, 80, 79, 76, 78, 117, 84, 81, 126, 82, 83, 101, 102, 63, 119, 96, 109, 88, 87, 86, 85, 110, 71, 70, 69, 75]
  Najlepszy dystans: 121836.17304865048

Iteracja 19:
  Najlepsza trasa: [47, 49, 53, 48, 118, 46, 94, 112, 111, 107, 127, 98, 97, 123, 95, 93, 103, 45, 44, 54, 57, 51, 121, 56, 124, 52, 5, 50, 115, 13, 120, 10, 3, 11, 9, 24, 108, 15, 106, 6, 114, 105, 7, 1, 16, 2, 37, 36, 35, 40, 43, 34, 42, 39, 38, 28, 122, 32, 29, 33, 25, 26, 27, 31, 30, 41, 14, 12, 20, 17, 21, 22, 4, 23, 19, 8, 72, 18, 77, 79, 80, 78, 117, 84, 81, 126, 82, 83, 101, 102, 63, 119, 96, 109, 88, 87, 86, 85, 110, 71, 68, 70, 69, 75, 76, 74, 73, 67, 59, 62, 60, 116, 90, 61, 91, 100, 58, 64, 113, 125, 104, 89, 92, 99, 65, 66, 55, 47]
  Najlepszy dystans: 122425.65422181532

Iteracja 20:
  Najlepsza trasa: [60, 116, 90, 61, 91, 58, 64, 100, 3, 10, 120, 13, 115, 50, 2, 51, 5, 52, 124, 56, 121, 57, 54, 45, 103, 44, 35, 37, 36, 40, 43, 34, 42, 39, 38, 28, 122, 32, 29, 33, 25, 26, 27, 31, 12, 14, 30, 41, 16, 1, 7, 105, 114, 11, 9, 24, 23, 4, 108, 6, 106, 15, 20, 17, 21, 22, 19, 72, 8, 67, 73, 68, 74, 18, 77, 79, 80, 78, 117, 81, 84, 76, 75, 69, 70, 71, 110, 85, 86, 87, 88, 109, 96, 119, 63, 126, 82, 83, 102, 101, 98, 97, 123, 95, 93, 127, 107, 111, 112, 94, 46, 118, 48, 53, 49, 47, 55, 66, 113, 65, 99, 92, 89, 125, 104, 59, 62, 60]
  Najlepszy dystans: 120963.2111004303

Iteracja 21:
  Najlepsza trasa: [90, 3, 10, 120, 13, 115, 50, 2, 16, 1, 7, 105, 114, 11, 9, 23, 24, 6, 106, 15, 108, 20, 17, 21, 22, 4, 19, 8, 72, 18, 77, 74, 73, 67, 68, 71, 70, 69, 75, 76, 78, 117, 84, 81, 126, 82, 83, 101, 102, 63, 119, 96, 109, 88, 87, 86, 85, 110, 104, 125, 89, 92, 99, 65, 113, 66, 55, 47, 49, 53, 48, 118, 46, 94, 112, 111, 107, 127, 93, 95, 123, 98, 97, 28, 122, 32, 29, 33, 25, 80, 79, 31, 27, 26, 38, 39, 42, 34, 43, 30, 12, 14, 41, 36, 37, 35, 40, 44, 103, 45, 54, 57, 51, 121, 5, 56, 124, 52, 100, 64, 58, 91, 61, 62, 59, 60, 116, 90]
  Najlepszy dystans: 119957.63973779712

Iteracja 22:
  Najlepsza trasa: [26, 27, 31, 30, 41, 14, 12, 20, 17, 21, 18, 77, 79, 80, 78, 76, 117, 84, 81, 126, 83, 82, 75, 69, 70, 71, 68, 74, 73, 67, 8, 72, 19, 22, 4, 23, 108, 15, 106, 6, 24, 9, 11, 114, 105, 7, 1, 16, 2, 51, 50, 115, 13, 120, 10, 3, 90, 116, 60, 59, 62, 61, 91, 100, 58, 64, 113, 65, 99, 92, 89, 125, 104, 110, 85, 86, 87, 88, 109, 96, 119, 63, 102, 101, 98, 97, 123, 95, 93, 127, 107, 111, 112, 94, 46, 118, 48, 53, 49, 47, 55, 66, 124, 52, 5, 56, 121, 57, 54, 45, 103, 44, 35, 37, 36, 40, 43, 34, 42, 39, 38, 28, 122, 32, 29, 33, 25, 26]
  Najlepszy dystans: 120149.71326963832

Iteracja 23:
  Najlepsza trasa: [41, 36, 37, 35, 40, 43, 34, 42, 39, 38, 28, 122, 32, 29, 33, 25, 26, 27, 31, 80, 79, 76, 78, 117, 84, 81, 126, 83, 82, 75, 69, 70, 71, 68, 67, 73, 74, 77, 18, 72, 8, 19, 23, 24, 4, 22, 21, 17, 20, 108, 6, 106, 15, 105, 114, 11, 9, 90, 116, 60, 59, 62, 61, 91, 58, 64, 100, 3, 10, 120, 7, 13, 115, 50, 5, 56, 52, 124, 55, 66, 113, 65, 99, 92, 89, 125, 104, 110, 85, 86, 87, 88, 109, 96, 119, 63, 102, 101, 98, 97, 123, 95, 93, 127, 107, 111, 112, 94, 46, 49, 47, 53, 118, 48, 45, 103, 44, 54, 57, 121, 51, 2, 1, 16, 14, 12, 30, 41]
  Najlepszy dystans: 121001.89654878833

Iteracja 24:
  Najlepsza trasa: [41, 30, 34, 42, 39, 38, 28, 122, 32, 29, 33, 25, 26, 27, 31, 79, 80, 78, 117, 84, 81, 83, 82, 126, 75, 69, 70, 71, 68, 76, 77, 18, 74, 73, 67, 8, 72, 19, 21, 17, 20, 22, 4, 23, 24, 108, 6, 9, 11, 114, 105, 106, 15, 12, 14, 16, 1, 7, 120, 3, 90, 116, 60, 59, 62, 61, 91, 58, 64, 100, 10, 115, 13, 50, 121, 56, 5, 52, 124, 55, 66, 113, 65, 99, 92, 89, 125, 104, 110, 85, 86, 87, 88, 109, 96, 119, 63, 102, 101, 98, 97, 123, 95, 93, 127, 107, 111, 112, 94, 46, 118, 49, 47, 53, 48, 45, 103, 44, 54, 57, 51, 2, 37, 36, 35, 40, 43, 41]
  Najlepszy dystans: 122367.51877100137

Iteracja 25:
  Najlepsza trasa: [10, 120, 7, 1, 16, 2, 51, 57, 54, 45, 103, 44, 35, 37, 36, 40, 43, 34, 42, 39, 38, 26, 27, 30, 41, 14, 12, 31, 80, 79, 18, 77, 76, 78, 117, 84, 81, 75, 69, 70, 71, 68, 74, 73, 67, 8, 72, 19, 4, 22, 21, 17, 20, 15, 105, 114, 106, 6, 108, 24, 23, 9, 11, 3, 90, 116, 60, 59, 62, 61, 91, 100, 58, 64, 113, 66, 65, 99, 92, 89, 125, 104, 110, 85, 86, 87, 88, 109, 96, 119, 63, 126, 82, 83, 102, 101, 98, 97, 32, 29, 25, 33, 122, 28, 123, 95, 93, 127, 107, 111, 112, 94, 46, 118, 48, 53, 49, 47, 55, 124, 52, 5, 56, 121, 50, 13, 115, 10]
  Najlepszy dystans: 122041.3799651589

Iteracja 26:
  Najlepsza trasa: [90, 61, 91, 58, 64, 100, 10, 3, 9, 11, 114, 105, 15, 106, 6, 108, 20, 17, 21, 22, 4, 24, 23, 19, 72, 8, 67, 73, 74, 18, 77, 76, 75, 69, 70, 68, 71, 110, 85, 86, 87, 88, 109, 96, 119, 63, 102, 101, 83, 82, 126, 81, 84, 117, 78, 79, 80, 27, 31, 12, 14, 16, 1, 7, 120, 13, 115, 50, 5, 52, 124, 56, 121, 57, 54, 45, 103, 44, 40, 35, 51, 2, 37, 36, 41, 30, 43, 34, 42, 39, 38, 26, 25, 33, 29, 32, 122, 28, 97, 98, 123, 95, 93, 127, 107, 111, 112, 94, 46, 118, 48, 53, 49, 47, 55, 66, 113, 65, 99, 92, 89, 125, 104, 59, 62, 60, 116, 90]
  Najlepszy dystans: 120755.86064798207

Iteracja 27:
  Najlepsza trasa: [127, 107, 111, 112, 94, 46, 118, 48, 53, 49, 47, 55, 66, 113, 65, 99, 92, 89, 125, 104, 59, 62, 60, 116, 90, 61, 91, 58, 64, 100, 3, 10, 120, 7, 13, 115, 50, 2, 51, 121, 5, 52, 124, 56, 57, 54, 45, 103, 44, 35, 40, 43, 34, 42, 39, 38, 28, 122, 32, 29, 33, 25, 26, 30, 27, 31, 12, 14, 41, 36, 37, 16, 1, 105, 114, 11, 9, 23, 24, 6, 106, 15, 108, 20, 17, 21, 22, 4, 19, 72, 8, 67, 73, 74, 18, 77, 79, 80, 78, 117, 83, 82, 126, 81, 84, 76, 75, 69, 70, 68, 71, 110, 85, 86, 87, 88, 109, 96, 119, 63, 102, 101, 98, 97, 123, 95, 93, 127]
  Najlepszy dystans: 120858.49540875456

Iteracja 28:
  Najlepsza trasa: [28, 29, 32, 98, 97, 123, 95, 93, 127, 107, 111, 112, 94, 46, 118, 48, 53, 49, 47, 55, 66, 124, 52, 5, 56, 121, 50, 115, 13, 7, 105, 15, 106, 6, 108, 20, 17, 21, 22, 4, 24, 23, 19, 72, 8, 9, 11, 114, 120, 10, 3, 90, 116, 60, 59, 62, 61, 91, 100, 58, 64, 113, 65, 99, 92, 89, 125, 104, 110, 85, 86, 87, 88, 109, 96, 119, 63, 102, 101, 83, 82, 126, 81, 84, 117, 78, 76, 75, 69, 70, 71, 68, 67, 73, 74, 18, 77, 79, 80, 27, 31, 12, 14, 30, 41, 36, 35, 37, 16, 1, 2, 51, 57, 54, 45, 103, 44, 40, 43, 34, 42, 39, 38, 26, 25, 33, 122, 28]
  Najlepszy dystans: 119659.82686022714

Iteracja 29:
  Najlepsza trasa: [62, 61, 91, 58, 64, 100, 10, 115, 13, 50, 2, 51, 121, 57, 54, 45, 103, 44, 40, 35, 36, 37, 16, 1, 7, 105, 15, 106, 6, 108, 4, 22, 21, 17, 20, 12, 14, 41, 30, 43, 34, 42, 39, 38, 26, 27, 31, 80, 79, 76, 78, 117, 84, 81, 126, 82, 83, 102, 101, 98, 97, 32, 29, 25, 33, 122, 28, 123, 95, 93, 127, 107, 111, 112, 94, 46, 118, 48, 53, 49, 47, 56, 5, 52, 124, 55, 66, 113, 65, 99, 92, 89, 125, 104, 110, 85, 86, 87, 88, 109, 96, 119, 63, 75, 69, 70, 71, 68, 67, 73, 74, 77, 18, 72, 8, 19, 23, 24, 9, 11, 114, 120, 3, 90, 116, 60, 59, 62]
  Najlepszy dystans: 122109.93435974375

Iteracja 30:
  Najlepsza trasa: [43, 36, 37, 35, 40, 44, 103, 45, 54, 57, 56, 124, 52, 5, 121, 51, 2, 50, 115, 13, 120, 10, 100, 64, 58, 91, 61, 62, 59, 60, 116, 90, 3, 11, 9, 24, 23, 4, 22, 19, 21, 17, 20, 108, 15, 106, 6, 114, 105, 7, 1, 16, 12, 14, 41, 30, 27, 31, 80, 79, 77, 18, 72, 8, 67, 73, 74, 68, 71, 70, 69, 75, 76, 78, 117, 84, 81, 126, 82, 83, 101, 102, 63, 119, 96, 109, 88, 87, 86, 85, 110, 104, 125, 89, 92, 99, 65, 113, 66, 55, 47, 49, 53, 48, 118, 46, 94, 112, 111, 107, 127, 93, 95, 123, 97, 98, 32, 29, 28, 122, 33, 25, 26, 38, 39, 42, 34, 43]
  Najlepszy dystans: 118855.93588601396

Iteracja 31:
  Najlepsza trasa: [107, 111, 112, 94, 46, 118, 48, 53, 49, 47, 55, 66, 113, 65, 99, 92, 89, 125, 104, 59, 62, 60, 116, 90, 61, 91, 58, 64, 100, 3, 10, 120, 13, 115, 50, 5, 52, 124, 56, 121, 51, 57, 54, 45, 103, 44, 40, 43, 34, 42, 39, 38, 28, 122, 32, 29, 33, 25, 26, 30, 27, 31, 12, 14, 41, 36, 37, 35, 2, 16, 1, 7, 105, 114, 11, 9, 6, 106, 15, 108, 20, 17, 21, 22, 4, 24, 23, 19, 72, 8, 67, 73, 74, 18, 77, 79, 80, 78, 76, 75, 69, 70, 68, 71, 110, 85, 86, 87, 88, 109, 96, 119, 63, 84, 117, 81, 126, 82, 83, 102, 101, 98, 97, 123, 95, 93, 127, 107]
  Najlepszy dystans: 120928.60071377813

Iteracja 32:
  Najlepsza trasa: [125, 89, 92, 99, 65, 113, 66, 55, 124, 52, 5, 121, 51, 2, 50, 115, 13, 120, 10, 100, 64, 58, 91, 61, 62, 59, 60, 116, 90, 3, 11, 9, 24, 23, 19, 72, 8, 67, 73, 74, 68, 71, 70, 69, 75, 82, 83, 126, 81, 84, 117, 78, 76, 77, 18, 21, 17, 22, 4, 108, 20, 15, 106, 6, 114, 105, 7, 1, 16, 12, 14, 41, 30, 27, 31, 79, 80, 26, 25, 33, 29, 32, 122, 28, 38, 39, 42, 34, 43, 36, 37, 35, 40, 44, 103, 45, 54, 57, 56, 47, 49, 53, 48, 118, 46, 94, 112, 111, 107, 127, 93, 95, 123, 97, 98, 101, 102, 63, 119, 96, 109, 88, 87, 86, 85, 110, 104, 125]
  Najlepszy dystans: 121062.21255221967

Iteracja 33:
  Najlepsza trasa: [27, 31, 80, 79, 18, 77, 76, 78, 117, 84, 81, 126, 83, 82, 75, 69, 70, 71, 68, 74, 73, 67, 8, 72, 19, 23, 4, 22, 21, 17, 20, 108, 24, 9, 11, 114, 6, 106, 15, 105, 120, 7, 1, 16, 2, 50, 13, 115, 10, 3, 90, 116, 60, 59, 62, 61, 91, 100, 58, 64, 113, 65, 99, 92, 89, 125, 104, 110, 85, 86, 87, 88, 109, 96, 119, 63, 102, 101, 98, 97, 123, 95, 93, 127, 107, 111, 112, 94, 46, 118, 48, 53, 49, 47, 55, 66, 124, 52, 5, 56, 121, 51, 57, 54, 45, 103, 44, 40, 35, 37, 36, 41, 14, 12, 30, 43, 34, 42, 39, 38, 28, 122, 32, 29, 33, 25, 26, 27]
  Najlepszy dystans: 120528.28669408603

Iteracja 34:
  Najlepsza trasa: [23, 24, 9, 11, 114, 105, 15, 106, 6, 108, 20, 17, 21, 18, 77, 79, 80, 31, 27, 30, 41, 14, 12, 16, 1, 7, 120, 3, 90, 116, 60, 59, 62, 61, 91, 58, 64, 100, 10, 115, 13, 50, 2, 51, 121, 5, 52, 124, 56, 57, 54, 45, 103, 44, 35, 37, 36, 40, 43, 34, 42, 39, 38, 26, 25, 33, 122, 28, 29, 32, 98, 97, 123, 95, 93, 127, 107, 111, 112, 94, 46, 118, 48, 53, 49, 47, 55, 66, 113, 65, 99, 92, 89, 125, 104, 110, 85, 86, 87, 88, 109, 96, 119, 63, 102, 101, 83, 82, 126, 81, 84, 117, 78, 76, 75, 69, 70, 71, 68, 74, 73, 67, 8, 72, 19, 22, 4, 23]
  Najlepszy dystans: 118786.68849876247

Iteracja 35:
  Najlepsza trasa: [66, 113, 65, 99, 92, 89, 125, 104, 59, 60, 116, 90, 62, 61, 91, 58, 64, 100, 3, 10, 115, 50, 13, 120, 7, 1, 16, 2, 51, 57, 54, 45, 103, 44, 35, 37, 36, 41, 14, 12, 20, 17, 21, 22, 4, 24, 108, 6, 106, 15, 105, 114, 11, 9, 23, 19, 72, 8, 67, 73, 74, 68, 75, 69, 70, 71, 110, 85, 86, 87, 88, 109, 96, 119, 63, 102, 101, 83, 82, 126, 81, 84, 117, 78, 76, 77, 18, 79, 80, 31, 27, 26, 30, 34, 43, 40, 42, 39, 38, 25, 33, 29, 32, 122, 28, 97, 98, 123, 95, 93, 127, 107, 111, 112, 94, 46, 118, 48, 53, 49, 47, 56, 121, 5, 52, 124, 55, 66]
  Najlepszy dystans: 121722.62286671586

Iteracja 36:
  Najlepsza trasa: [106, 6, 108, 24, 23, 8, 72, 19, 4, 22, 21, 17, 20, 12, 14, 41, 30, 43, 34, 42, 39, 38, 28, 122, 32, 29, 33, 25, 26, 27, 31, 80, 79, 77, 18, 74, 73, 67, 68, 76, 78, 117, 84, 81, 126, 83, 82, 75, 69, 70, 71, 110, 85, 86, 87, 88, 109, 96, 119, 63, 102, 101, 98, 97, 123, 95, 93, 127, 107, 111, 112, 94, 46, 118, 48, 53, 49, 47, 56, 121, 57, 54, 45, 103, 44, 51, 2, 35, 40, 36, 37, 16, 1, 7, 120, 13, 115, 50, 5, 52, 124, 55, 66, 113, 65, 99, 92, 89, 125, 104, 59, 62, 60, 116, 90, 61, 91, 58, 64, 100, 10, 3, 9, 11, 114, 105, 15, 106]
  Najlepszy dystans: 122160.08168343057

Iteracja 37:
  Najlepsza trasa: [91, 61, 60, 116, 90, 3, 9, 11, 114, 105, 15, 106, 6, 108, 20, 17, 21, 22, 4, 24, 23, 19, 72, 8, 67, 73, 74, 68, 75, 69, 70, 71, 110, 85, 86, 87, 88, 109, 96, 119, 63, 102, 101, 83, 82, 126, 81, 84, 117, 78, 76, 77, 18, 79, 80, 27, 31, 12, 14, 41, 30, 43, 34, 42, 39, 38, 26, 25, 33, 122, 28, 29, 32, 98, 97, 123, 95, 93, 127, 107, 111, 112, 94, 46, 118, 48, 53, 49, 47, 55, 66, 124, 52, 5, 56, 121, 57, 54, 45, 103, 44, 40, 35, 36, 37, 16, 1, 7, 120, 13, 2, 51, 50, 115, 10, 100, 58, 64, 113, 65, 99, 92, 89, 125, 104, 59, 62, 91]
  Najlepszy dystans: 121227.27746555717

Iteracja 38:
  Najlepsza trasa: [78, 76, 75, 69, 70, 71, 68, 67, 73, 74, 77, 18, 21, 17, 22, 4, 19, 72, 8, 23, 9, 11, 114, 105, 15, 106, 6, 24, 108, 20, 79, 80, 31, 27, 30, 12, 14, 41, 43, 34, 42, 39, 38, 26, 25, 33, 29, 32, 122, 28, 97, 98, 123, 95, 93, 127, 107, 111, 112, 94, 46, 118, 48, 53, 49, 47, 55, 66, 124, 52, 5, 56, 121, 50, 115, 13, 2, 51, 57, 54, 45, 103, 44, 40, 35, 36, 37, 16, 1, 7, 120, 10, 3, 90, 116, 60, 59, 62, 61, 91, 100, 58, 64, 113, 65, 99, 92, 89, 125, 104, 110, 85, 86, 87, 88, 109, 96, 119, 63, 102, 101, 83, 82, 126, 81, 84, 117, 78]
  Najlepszy dystans: 120249.73353477796

Iteracja 39:
  Najlepsza trasa: [51, 2, 16, 1, 7, 105, 114, 11, 9, 8, 72, 19, 23, 24, 6, 106, 15, 20, 108, 4, 22, 17, 21, 18, 77, 74, 73, 67, 68, 71, 70, 69, 75, 63, 119, 96, 109, 88, 87, 86, 85, 110, 104, 125, 89, 92, 99, 65, 113, 64, 58, 100, 91, 61, 62, 59, 60, 116, 90, 3, 10, 120, 13, 115, 50, 121, 56, 5, 52, 124, 66, 55, 47, 49, 53, 48, 118, 46, 94, 112, 111, 107, 127, 93, 95, 123, 97, 98, 101, 102, 83, 82, 126, 81, 84, 117, 78, 76, 79, 80, 31, 27, 26, 25, 33, 29, 32, 122, 28, 38, 39, 42, 34, 43, 30, 12, 14, 41, 36, 37, 35, 40, 44, 103, 45, 54, 57, 51]
  Najlepszy dystans: 120138.86011332125

Iteracja 40:
  Najlepsza trasa: [114, 105, 15, 106, 6, 108, 20, 17, 21, 22, 4, 24, 23, 19, 18, 72, 8, 67, 73, 74, 77, 76, 75, 69, 70, 68, 71, 110, 85, 86, 87, 88, 109, 96, 119, 63, 102, 101, 83, 82, 126, 81, 84, 117, 78, 80, 79, 31, 27, 30, 12, 14, 41, 36, 35, 37, 16, 1, 7, 2, 51, 57, 54, 45, 103, 44, 40, 43, 34, 42, 39, 38, 26, 25, 33, 29, 32, 122, 28, 97, 98, 123, 95, 93, 127, 107, 111, 112, 94, 46, 118, 48, 53, 49, 47, 55, 66, 124, 52, 5, 56, 121, 50, 115, 13, 120, 10, 100, 58, 64, 113, 65, 99, 92, 89, 125, 104, 59, 62, 91, 61, 60, 116, 90, 3, 9, 11, 114]
  Najlepszy dystans: 121619.56868303413

Iteracja 41:
  Najlepsza trasa: [15, 105, 114, 7, 1, 16, 2, 51, 50, 115, 13, 120, 10, 3, 100, 64, 58, 91, 61, 90, 116, 60, 62, 59, 104, 125, 89, 92, 99, 65, 113, 66, 55, 124, 52, 5, 56, 121, 57, 54, 44, 103, 45, 48, 118, 53, 47, 49, 46, 94, 112, 111, 107, 127, 93, 95, 123, 98, 97, 28, 122, 32, 29, 33, 25, 26, 38, 39, 42, 34, 43, 40, 35, 37, 36, 41, 30, 14, 12, 31, 27, 80, 79, 18, 77, 76, 78, 117, 84, 81, 126, 82, 83, 101, 102, 63, 119, 96, 109, 88, 87, 86, 85, 110, 71, 70, 69, 75, 68, 74, 73, 67, 8, 72, 19, 23, 4, 22, 21, 17, 20, 108, 24, 9, 11, 6, 106, 15]
  Najlepszy dystans: 120433.28242388657

Iteracja 42:
  Najlepsza trasa: [72, 19, 22, 4, 23, 108, 20, 17, 21, 18, 77, 79, 80, 78, 76, 117, 84, 81, 126, 82, 83, 102, 101, 98, 97, 123, 95, 28, 122, 32, 29, 33, 25, 38, 26, 27, 31, 30, 43, 34, 39, 42, 40, 35, 37, 36, 41, 14, 12, 15, 106, 6, 24, 9, 11, 114, 105, 7, 1, 16, 2, 51, 13, 120, 3, 90, 116, 60, 59, 62, 61, 91, 58, 64, 100, 10, 115, 50, 5, 52, 124, 56, 121, 57, 54, 44, 45, 103, 93, 127, 107, 111, 112, 94, 46, 118, 48, 53, 49, 47, 55, 66, 113, 65, 99, 92, 89, 125, 104, 110, 85, 86, 87, 88, 109, 96, 119, 63, 75, 69, 70, 71, 68, 74, 73, 67, 8, 72]
  Najlepszy dystans: 122585.25878007716

Iteracja 43:
  Najlepsza trasa: [78, 76, 75, 69, 63, 119, 96, 109, 88, 87, 86, 85, 110, 71, 70, 68, 74, 73, 67, 8, 72, 19, 22, 4, 23, 24, 9, 11, 114, 105, 15, 106, 6, 108, 20, 17, 21, 18, 77, 79, 80, 27, 31, 12, 14, 41, 30, 26, 25, 33, 29, 32, 122, 28, 38, 39, 42, 34, 43, 40, 36, 37, 35, 44, 103, 45, 54, 57, 121, 56, 124, 52, 5, 50, 51, 2, 16, 1, 7, 120, 13, 115, 10, 3, 100, 64, 58, 91, 61, 90, 116, 60, 62, 59, 104, 125, 89, 92, 99, 65, 113, 66, 55, 47, 49, 53, 48, 118, 46, 94, 112, 111, 107, 127, 93, 95, 123, 97, 98, 101, 102, 83, 82, 126, 81, 84, 117, 78]
  Najlepszy dystans: 119747.03415039033

Iteracja 44:
  Najlepsza trasa: [3, 10, 120, 7, 13, 115, 50, 2, 51, 57, 54, 45, 103, 44, 40, 35, 36, 37, 16, 1, 12, 14, 41, 30, 43, 34, 42, 39, 38, 28, 122, 32, 29, 33, 25, 26, 27, 31, 79, 80, 78, 76, 75, 117, 84, 81, 126, 82, 83, 102, 101, 98, 97, 123, 95, 93, 127, 107, 111, 112, 94, 46, 118, 48, 53, 49, 47, 56, 121, 5, 52, 124, 55, 66, 113, 65, 99, 92, 89, 125, 104, 110, 85, 86, 87, 88, 109, 96, 119, 63, 69, 70, 71, 68, 67, 73, 74, 77, 18, 72, 8, 19, 23, 24, 4, 22, 21, 17, 20, 108, 6, 106, 15, 105, 114, 11, 9, 90, 116, 60, 59, 62, 61, 91, 58, 64, 100, 3]
  Najlepszy dystans: 121121.1909524064

Iteracja 45:
  Najlepsza trasa: [78, 76, 68, 74, 73, 67, 8, 72, 19, 22, 4, 23, 24, 9, 11, 114, 105, 15, 106, 6, 108, 20, 17, 21, 18, 77, 79, 80, 32, 29, 28, 122, 33, 25, 26, 38, 39, 42, 34, 43, 30, 27, 31, 12, 14, 41, 36, 37, 35, 40, 44, 103, 45, 54, 57, 121, 51, 2, 16, 1, 7, 120, 3, 90, 116, 60, 61, 91, 62, 59, 104, 125, 89, 92, 99, 65, 113, 64, 58, 100, 10, 115, 13, 50, 5, 56, 52, 124, 66, 55, 47, 49, 53, 48, 118, 46, 94, 112, 111, 107, 127, 93, 95, 123, 97, 98, 101, 102, 83, 82, 126, 63, 119, 96, 109, 88, 87, 86, 85, 110, 71, 70, 69, 75, 81, 84, 117, 78]
  Najlepszy dystans: 121185.07685903918

Iteracja 46:
  Najlepsza trasa: [117, 78, 76, 68, 74, 73, 67, 8, 72, 19, 23, 24, 108, 20, 4, 22, 17, 21, 18, 77, 79, 80, 31, 27, 26, 25, 33, 29, 32, 122, 28, 38, 39, 42, 34, 43, 40, 41, 30, 12, 14, 16, 37, 36, 35, 44, 103, 45, 54, 57, 56, 124, 52, 5, 121, 51, 2, 50, 13, 115, 10, 120, 7, 1, 105, 15, 106, 6, 114, 11, 9, 3, 90, 116, 60, 59, 62, 61, 91, 100, 58, 64, 113, 125, 104, 89, 92, 99, 65, 66, 55, 47, 49, 53, 48, 118, 46, 94, 112, 111, 107, 127, 93, 95, 123, 97, 98, 101, 102, 63, 119, 96, 109, 88, 87, 86, 85, 110, 71, 70, 69, 75, 82, 83, 126, 81, 84, 117]
  Najlepszy dystans: 122705.63070381705

Iteracja 47:
  Najlepsza trasa: [112, 94, 46, 49, 47, 53, 118, 48, 45, 103, 44, 54, 57, 121, 56, 5, 52, 124, 55, 66, 113, 65, 99, 92, 89, 125, 104, 59, 62, 60, 116, 90, 61, 91, 58, 64, 100, 3, 10, 120, 13, 115, 50, 51, 2, 16, 1, 7, 105, 114, 11, 9, 6, 106, 15, 108, 24, 23, 4, 22, 19, 72, 8, 67, 73, 74, 77, 18, 21, 17, 20, 12, 14, 30, 41, 36, 37, 35, 40, 43, 34, 42, 39, 38, 28, 122, 32, 29, 33, 25, 26, 27, 31, 79, 80, 78, 117, 81, 84, 76, 75, 69, 70, 68, 71, 110, 85, 86, 87, 88, 109, 96, 119, 63, 126, 82, 83, 102, 101, 98, 97, 123, 95, 93, 127, 107, 111, 112]
  Najlepszy dystans: 120830.33029499033

Iteracja 48:
  Najlepsza trasa: [56, 121, 51, 57, 54, 45, 103, 44, 40, 35, 37, 36, 41, 14, 12, 30, 43, 34, 42, 39, 38, 28, 122, 32, 29, 33, 25, 26, 27, 31, 80, 79, 77, 18, 21, 17, 20, 108, 6, 106, 15, 105, 114, 11, 9, 24, 23, 4, 22, 19, 72, 8, 67, 73, 74, 68, 76, 78, 117, 84, 81, 126, 83, 82, 75, 69, 70, 71, 110, 85, 86, 87, 88, 109, 96, 119, 63, 102, 101, 98, 97, 123, 95, 93, 127, 107, 111, 112, 94, 46, 118, 48, 53, 49, 47, 55, 66, 65, 99, 92, 89, 104, 125, 113, 64, 58, 100, 91, 61, 62, 59, 60, 116, 90, 3, 10, 115, 13, 120, 7, 1, 16, 2, 50, 5, 52, 124, 56]
  Najlepszy dystans: 121315.9563359569

Iteracja 49:
  Najlepsza trasa: [46, 118, 48, 53, 49, 47, 55, 124, 52, 5, 56, 121, 57, 54, 45, 103, 44, 51, 2, 50, 13, 115, 10, 120, 114, 105, 7, 1, 16, 14, 12, 30, 41, 36, 37, 35, 40, 43, 34, 42, 39, 38, 28, 122, 32, 29, 33, 25, 26, 27, 31, 80, 79, 18, 77, 76, 78, 117, 84, 81, 126, 83, 82, 75, 69, 70, 71, 68, 74, 73, 67, 8, 72, 19, 4, 22, 21, 17, 20, 108, 15, 106, 6, 24, 23, 9, 11, 3, 90, 116, 60, 59, 62, 61, 91, 58, 64, 100, 66, 113, 65, 99, 92, 89, 125, 104, 110, 85, 86, 87, 88, 109, 96, 119, 63, 102, 101, 98, 97, 123, 95, 93, 127, 107, 111, 112, 94, 46]
  Najlepszy dystans: 121057.57784914678

Iteracja 50:
  Najlepsza trasa: [38, 39, 42, 34, 43, 30, 41, 14, 12, 31, 27, 80, 79, 77, 18, 21, 17, 22, 20, 108, 15, 106, 6, 114, 105, 7, 120, 13, 50, 51, 2, 1, 16, 37, 36, 35, 40, 44, 103, 45, 54, 57, 121, 56, 124, 52, 5, 115, 10, 100, 64, 58, 91, 61, 62, 59, 60, 116, 90, 3, 11, 9, 24, 23, 4, 19, 72, 8, 67, 73, 74, 68, 70, 69, 75, 76, 78, 117, 84, 81, 126, 82, 83, 101, 102, 63, 119, 96, 109, 88, 87, 86, 85, 110, 71, 104, 125, 89, 92, 99, 65, 113, 66, 55, 47, 49, 53, 48, 118, 46, 94, 112, 111, 107, 127, 93, 95, 123, 97, 98, 32, 29, 28, 122, 33, 25, 26, 38]
  Najlepszy dystans: 121190.903503279

Iteracja 51:
  Najlepsza trasa: [100, 10, 120, 7, 13, 115, 50, 121, 56, 5, 52, 124, 55, 47, 49, 53, 48, 118, 46, 94, 112, 111, 107, 127, 93, 95, 123, 98, 97, 28, 122, 32, 29, 33, 25, 26, 38, 39, 42, 34, 43, 36, 37, 35, 40, 44, 103, 45, 54, 57, 51, 2, 1, 16, 12, 14, 41, 30, 27, 31, 80, 79, 77, 18, 21, 17, 20, 108, 6, 106, 15, 105, 114, 11, 9, 24, 23, 4, 22, 19, 72, 8, 67, 73, 74, 68, 71, 70, 69, 75, 76, 78, 117, 84, 81, 126, 82, 83, 101, 102, 63, 119, 96, 109, 88, 87, 86, 85, 110, 104, 125, 89, 92, 99, 65, 66, 113, 64, 58, 91, 61, 62, 59, 60, 116, 90, 3, 100]
  Najlepszy dystans: 120180.45238574618

Iteracja 52:
  Najlepsza trasa: [12, 30, 27, 31, 80, 79, 77, 18, 72, 19, 23, 24, 4, 22, 21, 17, 20, 108, 15, 106, 6, 114, 105, 7, 120, 13, 50, 115, 10, 100, 64, 58, 91, 61, 62, 59, 60, 116, 90, 3, 11, 9, 8, 67, 73, 74, 68, 71, 70, 69, 75, 76, 78, 117, 84, 81, 126, 82, 83, 101, 102, 63, 119, 96, 109, 88, 87, 86, 85, 110, 104, 125, 89, 92, 99, 65, 113, 66, 55, 124, 52, 5, 56, 121, 57, 51, 2, 1, 16, 37, 36, 35, 44, 103, 45, 54, 47, 49, 53, 48, 118, 46, 94, 112, 111, 107, 127, 93, 95, 123, 98, 97, 28, 122, 33, 29, 32, 25, 26, 38, 39, 42, 34, 43, 40, 41, 14, 12]
  Najlepszy dystans: 119844.04389632601

Iteracja 53:
  Najlepsza trasa: [40, 35, 37, 36, 41, 14, 12, 16, 1, 7, 120, 10, 115, 13, 50, 2, 51, 44, 103, 45, 54, 57, 121, 56, 5, 52, 124, 66, 55, 47, 49, 53, 48, 118, 46, 94, 112, 111, 107, 127, 93, 95, 123, 28, 122, 33, 25, 29, 32, 97, 98, 101, 102, 83, 82, 126, 63, 119, 96, 109, 88, 87, 86, 85, 110, 104, 125, 89, 92, 99, 65, 113, 64, 58, 100, 91, 61, 62, 59, 60, 116, 90, 3, 9, 11, 114, 105, 15, 106, 6, 108, 20, 17, 21, 22, 4, 24, 23, 19, 72, 8, 67, 73, 74, 68, 71, 70, 69, 75, 81, 84, 117, 78, 76, 77, 18, 79, 80, 31, 27, 30, 26, 38, 39, 42, 34, 43, 40]
  Najlepszy dystans: 121453.71485872804

Iteracja 54:
  Najlepsza trasa: [42, 34, 43, 40, 35, 36, 37, 16, 1, 2, 51, 50, 13, 115, 10, 120, 7, 105, 114, 6, 106, 15, 108, 20, 4, 23, 24, 9, 11, 3, 90, 116, 60, 59, 62, 61, 91, 100, 58, 64, 113, 125, 104, 89, 92, 99, 65, 66, 55, 124, 52, 5, 56, 121, 57, 54, 44, 103, 45, 48, 118, 53, 47, 49, 46, 94, 112, 111, 107, 127, 93, 95, 123, 97, 98, 101, 102, 63, 119, 96, 109, 88, 87, 86, 85, 110, 71, 70, 69, 75, 82, 83, 126, 81, 84, 117, 78, 76, 68, 74, 73, 67, 8, 72, 19, 22, 17, 21, 18, 77, 79, 80, 27, 31, 12, 14, 41, 30, 26, 25, 33, 29, 32, 122, 28, 38, 39, 42]
  Najlepszy dystans: 121720.26553482411

Iteracja 55:
  Najlepsza trasa: [62, 60, 116, 90, 61, 91, 58, 64, 100, 3, 10, 120, 13, 115, 50, 2, 51, 121, 5, 52, 124, 56, 57, 54, 45, 103, 44, 40, 35, 36, 37, 16, 1, 7, 105, 114, 11, 9, 24, 6, 106, 15, 108, 20, 17, 21, 22, 4, 23, 19, 72, 8, 67, 73, 68, 74, 18, 77, 79, 80, 27, 31, 12, 14, 41, 30, 43, 34, 42, 39, 38, 26, 25, 33, 122, 28, 29, 32, 83, 82, 126, 81, 84, 117, 78, 76, 75, 69, 70, 71, 110, 85, 86, 87, 88, 109, 96, 119, 63, 102, 101, 98, 97, 123, 95, 93, 127, 107, 111, 112, 94, 46, 118, 48, 53, 49, 47, 55, 66, 113, 65, 99, 92, 89, 125, 104, 59, 62]
  Najlepszy dystans: 119821.94722836143

Iteracja 56:
  Najlepsza trasa: [76, 78, 117, 84, 81, 126, 32, 29, 28, 122, 33, 25, 26, 30, 43, 34, 39, 38, 42, 40, 44, 103, 45, 54, 57, 121, 5, 56, 124, 52, 64, 58, 100, 10, 120, 7, 13, 115, 50, 51, 2, 1, 16, 37, 35, 36, 41, 14, 12, 31, 27, 80, 79, 77, 18, 74, 68, 73, 67, 8, 72, 19, 23, 24, 4, 22, 21, 17, 20, 108, 6, 106, 15, 105, 114, 11, 9, 3, 90, 116, 60, 61, 91, 62, 59, 104, 125, 89, 92, 99, 65, 113, 66, 55, 47, 49, 53, 48, 118, 46, 94, 112, 111, 107, 127, 93, 95, 123, 97, 98, 101, 102, 83, 82, 63, 119, 96, 109, 88, 87, 86, 85, 110, 71, 70, 69, 75, 76]
  Najlepszy dystans: 123544.04422701015

Iteracja 57:
  Najlepsza trasa: [127, 98, 97, 123, 28, 122, 32, 29, 33, 25, 26, 38, 39, 42, 34, 43, 40, 35, 37, 36, 41, 30, 14, 12, 31, 27, 80, 79, 77, 18, 21, 17, 22, 4, 20, 108, 15, 106, 6, 114, 105, 7, 1, 16, 2, 51, 50, 115, 13, 120, 10, 100, 64, 58, 91, 61, 62, 59, 60, 116, 90, 3, 11, 9, 24, 23, 19, 72, 8, 67, 73, 74, 68, 71, 70, 69, 75, 76, 78, 117, 84, 81, 126, 82, 83, 101, 102, 63, 119, 96, 109, 88, 87, 86, 85, 110, 104, 125, 89, 92, 99, 65, 113, 66, 55, 124, 52, 5, 56, 121, 57, 54, 44, 45, 103, 95, 93, 48, 118, 53, 47, 49, 46, 94, 112, 111, 107, 127]
  Najlepszy dystans: 121448.88570021001

Iteracja 58:
  Najlepsza trasa: [57, 54, 45, 103, 44, 51, 2, 16, 1, 7, 120, 10, 3, 9, 11, 114, 105, 6, 106, 15, 20, 108, 24, 23, 4, 22, 17, 21, 18, 72, 19, 8, 67, 73, 74, 77, 76, 75, 69, 70, 68, 71, 110, 85, 86, 87, 88, 109, 96, 119, 63, 102, 101, 83, 82, 126, 81, 84, 117, 78, 80, 79, 31, 27, 30, 12, 14, 41, 36, 37, 35, 40, 43, 34, 42, 39, 38, 26, 25, 33, 29, 32, 122, 28, 97, 98, 123, 95, 93, 127, 107, 111, 112, 94, 46, 118, 48, 53, 49, 47, 55, 66, 113, 65, 99, 92, 89, 125, 104, 59, 62, 60, 116, 90, 61, 91, 58, 64, 100, 115, 13, 50, 5, 52, 124, 56, 121, 57]
  Najlepszy dystans: 120818.17335801832

Iteracja 59:
  Najlepsza trasa: [13, 115, 10, 120, 7, 105, 114, 106, 15, 12, 14, 41, 30, 27, 31, 79, 80, 78, 117, 84, 81, 126, 82, 83, 101, 102, 63, 119, 96, 109, 88, 87, 86, 85, 110, 71, 70, 69, 75, 76, 77, 18, 74, 68, 73, 67, 8, 72, 19, 4, 22, 21, 17, 20, 108, 6, 24, 23, 9, 11, 3, 100, 64, 58, 91, 61, 90, 116, 60, 62, 59, 104, 125, 89, 92, 99, 65, 113, 66, 55, 47, 49, 53, 48, 118, 46, 94, 112, 111, 107, 127, 93, 95, 123, 97, 98, 32, 29, 28, 122, 33, 25, 26, 38, 39, 42, 34, 43, 40, 35, 36, 37, 16, 1, 2, 51, 44, 103, 45, 54, 57, 121, 56, 124, 52, 5, 50, 13]
  Najlepszy dystans: 120640.71511265842

Iteracja 60:
  Najlepsza trasa: [95, 123, 97, 98, 32, 29, 28, 122, 33, 25, 26, 38, 39, 42, 34, 43, 30, 41, 36, 37, 35, 40, 44, 103, 45, 54, 57, 121, 51, 2, 50, 115, 13, 120, 10, 100, 64, 58, 91, 61, 62, 59, 60, 116, 90, 3, 11, 9, 23, 24, 108, 15, 106, 6, 114, 105, 7, 1, 16, 14, 12, 31, 27, 80, 79, 77, 18, 21, 17, 20, 4, 22, 19, 72, 8, 67, 73, 74, 68, 71, 70, 69, 75, 76, 78, 117, 84, 81, 126, 82, 83, 101, 102, 63, 119, 96, 109, 88, 87, 86, 85, 110, 104, 125, 89, 92, 99, 65, 113, 66, 55, 124, 52, 5, 56, 47, 49, 53, 48, 118, 46, 94, 112, 111, 107, 127, 93, 95]
  Najlepszy dystans: 119031.01179806878

Iteracja 61:
  Najlepsza trasa: [1, 7, 105, 114, 6, 106, 15, 108, 20, 12, 14, 41, 30, 43, 34, 42, 39, 38, 28, 122, 32, 29, 33, 25, 26, 27, 31, 79, 80, 78, 117, 84, 81, 126, 83, 82, 119, 63, 102, 101, 98, 97, 123, 95, 93, 127, 107, 111, 112, 94, 46, 118, 48, 53, 49, 47, 55, 66, 113, 65, 99, 92, 89, 125, 104, 110, 85, 86, 87, 88, 109, 96, 69, 70, 71, 68, 75, 76, 77, 18, 74, 73, 67, 8, 72, 19, 21, 17, 22, 4, 23, 24, 9, 11, 3, 90, 116, 60, 59, 62, 61, 91, 58, 64, 100, 10, 120, 13, 115, 50, 2, 51, 121, 5, 52, 124, 56, 57, 54, 45, 103, 44, 40, 35, 36, 37, 16, 1]
  Najlepszy dystans: 121843.29039713518

Iteracja 62:
  Najlepsza trasa: [115, 50, 121, 56, 5, 52, 124, 55, 66, 113, 65, 99, 92, 89, 125, 104, 59, 62, 60, 116, 90, 61, 91, 58, 64, 100, 3, 10, 120, 7, 1, 16, 37, 36, 35, 40, 43, 34, 42, 39, 38, 28, 122, 32, 29, 33, 25, 26, 30, 41, 14, 12, 31, 27, 80, 79, 77, 18, 21, 17, 20, 108, 6, 106, 15, 105, 114, 11, 9, 24, 23, 4, 22, 19, 72, 8, 67, 73, 74, 76, 78, 117, 84, 81, 75, 69, 70, 68, 71, 110, 85, 86, 87, 88, 109, 96, 119, 63, 126, 82, 83, 102, 101, 98, 97, 123, 95, 93, 127, 107, 111, 112, 94, 46, 118, 48, 53, 49, 47, 54, 45, 103, 44, 57, 51, 2, 13, 115]
  Najlepszy dystans: 120998.44745177857

Iteracja 63:
  Najlepsza trasa: [39, 42, 40, 36, 37, 35, 44, 103, 45, 54, 57, 121, 5, 56, 124, 52, 50, 51, 2, 16, 1, 7, 105, 114, 120, 13, 115, 10, 3, 11, 9, 24, 23, 4, 108, 6, 106, 15, 20, 17, 21, 22, 19, 8, 72, 74, 18, 77, 79, 80, 78, 76, 75, 117, 84, 81, 126, 82, 83, 101, 102, 63, 119, 96, 109, 88, 87, 86, 85, 110, 71, 70, 69, 68, 73, 67, 116, 90, 91, 61, 62, 60, 59, 104, 125, 89, 92, 99, 65, 113, 64, 58, 100, 66, 55, 47, 49, 53, 48, 118, 46, 94, 112, 111, 107, 127, 93, 95, 123, 98, 97, 28, 122, 32, 29, 33, 25, 38, 26, 27, 31, 12, 14, 41, 30, 43, 34, 39]
  Najlepszy dystans: 123602.01671865779

Iteracja 64:
  Najlepsza trasa: [81, 84, 117, 78, 80, 79, 18, 77, 76, 75, 69, 70, 71, 68, 74, 73, 67, 8, 72, 19, 4, 22, 21, 17, 20, 108, 24, 23, 9, 11, 114, 105, 106, 6, 15, 12, 31, 27, 30, 41, 14, 16, 1, 7, 120, 3, 90, 116, 60, 59, 62, 61, 91, 58, 64, 100, 10, 115, 13, 50, 2, 51, 5, 52, 124, 56, 121, 57, 54, 45, 103, 44, 35, 37, 36, 40, 43, 34, 42, 39, 38, 26, 25, 33, 122, 28, 29, 32, 98, 97, 123, 95, 93, 127, 107, 111, 112, 94, 46, 118, 48, 53, 49, 47, 55, 66, 113, 65, 99, 92, 89, 125, 104, 110, 85, 86, 87, 88, 109, 96, 119, 63, 102, 101, 83, 82, 126, 81]
  Najlepszy dystans: 119972.24307525289

Iteracja 65:
  Najlepsza trasa: [39, 42, 34, 40, 43, 30, 27, 31, 12, 14, 41, 36, 37, 35, 44, 103, 45, 54, 57, 56, 124, 52, 5, 121, 51, 2, 16, 1, 7, 13, 50, 115, 10, 120, 114, 105, 15, 106, 6, 108, 20, 22, 17, 21, 18, 77, 79, 80, 78, 76, 117, 84, 81, 126, 82, 83, 101, 102, 63, 119, 96, 109, 88, 87, 86, 85, 110, 71, 70, 69, 75, 68, 74, 73, 67, 8, 72, 19, 4, 23, 24, 9, 11, 3, 100, 64, 58, 91, 61, 90, 116, 60, 62, 59, 104, 125, 89, 92, 99, 65, 113, 66, 55, 47, 49, 53, 48, 118, 46, 94, 112, 111, 107, 127, 93, 95, 123, 97, 98, 32, 29, 28, 122, 33, 25, 26, 38, 39]
  Najlepszy dystans: 120888.74484278898

Iteracja 66:
  Najlepsza trasa: [34, 42, 39, 38, 26, 27, 31, 79, 80, 25, 33, 122, 28, 29, 32, 98, 97, 123, 95, 93, 127, 107, 111, 112, 94, 46, 118, 49, 47, 53, 48, 45, 103, 44, 54, 57, 51, 2, 16, 1, 7, 120, 10, 115, 13, 50, 121, 56, 5, 52, 124, 55, 66, 113, 65, 99, 92, 89, 125, 104, 59, 62, 60, 116, 90, 61, 91, 58, 64, 100, 3, 9, 11, 114, 105, 15, 106, 6, 108, 24, 23, 4, 22, 19, 72, 8, 67, 73, 74, 68, 75, 69, 70, 71, 110, 85, 86, 87, 88, 109, 96, 119, 63, 102, 101, 83, 82, 126, 81, 84, 117, 78, 76, 77, 18, 21, 17, 20, 12, 14, 30, 41, 36, 37, 35, 40, 43, 34]
  Najlepszy dystans: 121367.84404265952

Iteracja 67:
  Najlepsza trasa: [36, 41, 14, 12, 16, 1, 7, 105, 114, 11, 9, 23, 24, 6, 106, 15, 108, 20, 17, 21, 22, 4, 19, 72, 8, 67, 73, 74, 18, 77, 76, 75, 69, 70, 68, 71, 110, 85, 86, 87, 88, 109, 96, 119, 63, 102, 101, 83, 82, 126, 81, 84, 117, 78, 80, 79, 31, 27, 30, 43, 34, 42, 39, 38, 26, 25, 33, 29, 32, 122, 28, 97, 98, 123, 95, 93, 127, 107, 111, 112, 94, 46, 118, 48, 53, 49, 47, 55, 66, 65, 99, 92, 89, 104, 125, 113, 64, 58, 100, 91, 61, 62, 59, 60, 116, 90, 3, 10, 120, 13, 115, 50, 2, 51, 5, 52, 124, 56, 121, 57, 54, 45, 103, 44, 40, 35, 37, 36]
  Najlepszy dystans: 120839.93854482374

Iteracja 68:
  Najlepsza trasa: [17, 21, 19, 8, 72, 18, 77, 74, 73, 67, 68, 71, 70, 69, 75, 76, 84, 81, 126, 82, 83, 117, 78, 80, 79, 31, 27, 26, 25, 33, 29, 32, 122, 28, 38, 39, 42, 34, 43, 30, 12, 14, 41, 36, 37, 35, 40, 44, 103, 45, 54, 57, 121, 56, 5, 52, 124, 66, 55, 47, 49, 53, 48, 118, 46, 94, 112, 111, 107, 127, 93, 95, 123, 97, 98, 101, 102, 63, 119, 96, 109, 88, 87, 86, 85, 110, 104, 125, 89, 92, 99, 65, 113, 64, 58, 100, 91, 61, 62, 59, 60, 116, 90, 3, 10, 115, 13, 50, 51, 2, 16, 1, 7, 120, 114, 105, 15, 106, 6, 11, 9, 24, 23, 4, 22, 108, 20, 17]
  Najlepszy dystans: 120573.64360097071

Iteracja 69:
  Najlepsza trasa: [43, 34, 42, 39, 38, 26, 25, 33, 29, 32, 122, 28, 97, 98, 123, 95, 93, 127, 107, 111, 112, 94, 46, 118, 48, 53, 49, 47, 55, 66, 124, 52, 5, 56, 121, 50, 13, 115, 10, 120, 7, 2, 51, 57, 54, 45, 103, 44, 40, 35, 36, 37, 16, 1, 105, 114, 6, 106, 15, 108, 20, 17, 21, 22, 4, 23, 24, 9, 11, 3, 90, 116, 60, 59, 62, 61, 91, 100, 58, 64, 113, 65, 99, 92, 89, 125, 104, 110, 85, 86, 87, 88, 109, 96, 119, 63, 102, 101, 83, 82, 126, 81, 84, 117, 78, 76, 75, 69, 70, 71, 68, 74, 73, 67, 8, 19, 72, 18, 77, 79, 80, 27, 31, 12, 14, 41, 30, 43]
  Najlepszy dystans: 119250.1228198173

Iteracja 70:
  Najlepsza trasa: [6, 24, 23, 9, 11, 114, 105, 120, 7, 1, 16, 14, 12, 31, 27, 30, 41, 36, 37, 35, 40, 43, 34, 42, 39, 38, 26, 25, 33, 122, 28, 29, 32, 80, 79, 76, 78, 117, 84, 81, 126, 82, 83, 102, 101, 98, 97, 123, 95, 93, 127, 107, 111, 112, 94, 46, 118, 48, 53, 49, 47, 55, 66, 124, 52, 5, 56, 121, 57, 54, 45, 103, 44, 51, 2, 50, 13, 115, 10, 3, 90, 116, 60, 59, 62, 61, 91, 100, 58, 64, 113, 65, 99, 92, 89, 125, 104, 110, 85, 86, 87, 88, 109, 96, 119, 63, 75, 69, 70, 71, 68, 74, 73, 67, 8, 72, 18, 77, 17, 21, 19, 22, 4, 20, 108, 15, 106, 6]
  Najlepszy dystans: 120941.0476831386

Iteracja 71:
  Najlepsza trasa: [85, 110, 69, 70, 68, 71, 104, 125, 89, 92, 99, 65, 113, 66, 55, 124, 52, 5, 50, 115, 13, 2, 16, 1, 7, 120, 10, 100, 64, 58, 91, 61, 62, 59, 60, 116, 90, 3, 9, 11, 114, 105, 15, 106, 6, 24, 23, 4, 108, 20, 17, 21, 22, 19, 8, 67, 73, 74, 72, 18, 77, 76, 75, 81, 84, 117, 78, 79, 80, 27, 31, 12, 14, 37, 36, 41, 30, 26, 25, 33, 29, 32, 122, 28, 38, 39, 42, 34, 43, 40, 35, 44, 103, 45, 54, 57, 51, 121, 56, 47, 49, 53, 48, 118, 46, 94, 112, 111, 107, 127, 93, 95, 123, 97, 98, 101, 102, 83, 82, 126, 63, 119, 96, 109, 88, 87, 86, 85]
  Najlepszy dystans: 124215.27752449393

Iteracja 72:
  Najlepsza trasa: [57, 54, 44, 103, 45, 48, 53, 47, 49, 118, 46, 94, 112, 111, 107, 127, 93, 95, 123, 98, 97, 28, 122, 33, 32, 29, 25, 26, 38, 39, 42, 34, 43, 30, 27, 31, 12, 14, 41, 36, 40, 35, 37, 16, 1, 2, 50, 115, 13, 120, 10, 3, 100, 64, 58, 91, 61, 90, 116, 60, 62, 59, 67, 8, 72, 19, 23, 24, 9, 11, 114, 7, 105, 15, 106, 6, 108, 20, 4, 22, 17, 21, 18, 77, 79, 80, 78, 76, 74, 73, 68, 71, 70, 69, 75, 117, 84, 81, 126, 82, 83, 101, 102, 63, 119, 96, 109, 88, 87, 86, 85, 110, 104, 125, 89, 92, 99, 65, 113, 66, 55, 124, 52, 5, 56, 121, 51, 57]
  Najlepszy dystans: 121508.21770331678

Iteracja 73:
  Najlepsza trasa: [101, 83, 82, 126, 81, 84, 117, 78, 76, 75, 69, 70, 71, 68, 74, 73, 67, 8, 72, 19, 23, 24, 4, 22, 17, 21, 18, 77, 79, 80, 31, 27, 30, 41, 14, 12, 20, 108, 15, 106, 6, 9, 11, 114, 105, 7, 1, 16, 37, 36, 35, 40, 43, 34, 42, 39, 38, 26, 25, 33, 29, 32, 122, 28, 97, 98, 123, 95, 93, 127, 107, 111, 112, 94, 46, 118, 48, 53, 49, 47, 55, 66, 124, 52, 5, 56, 121, 57, 54, 45, 103, 44, 51, 2, 50, 115, 13, 120, 10, 100, 3, 90, 116, 60, 59, 62, 61, 91, 58, 64, 113, 65, 99, 92, 89, 125, 104, 110, 85, 86, 87, 88, 109, 96, 119, 63, 102, 101]
  Najlepszy dystans: 119450.09769136614

Iteracja 74:
  Najlepsza trasa: [13, 115, 50, 51, 121, 57, 54, 45, 103, 44, 40, 35, 37, 36, 41, 14, 12, 31, 27, 30, 43, 34, 42, 39, 38, 26, 25, 33, 122, 28, 29, 32, 98, 97, 123, 95, 93, 127, 107, 111, 112, 94, 46, 118, 48, 53, 49, 47, 56, 5, 52, 124, 55, 66, 113, 65, 99, 92, 89, 125, 104, 110, 85, 86, 87, 88, 109, 96, 119, 63, 102, 101, 83, 82, 126, 81, 84, 117, 78, 80, 79, 76, 75, 69, 70, 71, 68, 67, 73, 74, 77, 18, 72, 8, 19, 22, 21, 17, 20, 4, 23, 24, 108, 6, 106, 15, 105, 114, 11, 9, 3, 90, 116, 60, 59, 62, 61, 91, 58, 64, 100, 10, 120, 7, 1, 16, 2, 13]
  Najlepszy dystans: 119883.48453130588

Iteracja 75:
  Najlepsza trasa: [93, 95, 123, 98, 97, 28, 122, 32, 29, 33, 25, 26, 38, 39, 42, 34, 43, 40, 36, 37, 35, 44, 103, 45, 54, 57, 121, 56, 124, 52, 5, 50, 51, 2, 16, 1, 7, 120, 13, 115, 10, 100, 64, 58, 91, 61, 62, 59, 60, 116, 90, 3, 11, 9, 24, 108, 15, 106, 6, 114, 105, 12, 14, 41, 30, 27, 31, 80, 79, 77, 18, 21, 17, 20, 22, 4, 23, 19, 72, 8, 67, 73, 74, 68, 71, 70, 69, 75, 76, 78, 117, 84, 81, 126, 82, 83, 101, 102, 63, 119, 96, 109, 88, 87, 86, 85, 110, 104, 125, 89, 92, 99, 65, 113, 66, 55, 47, 49, 53, 48, 118, 46, 94, 112, 111, 107, 127, 93]
  Najlepszy dystans: 118962.0974172832

Iteracja 76:
  Najlepsza trasa: [59, 62, 91, 61, 60, 116, 90, 11, 9, 24, 23, 19, 4, 22, 21, 17, 20, 108, 15, 106, 6, 114, 105, 7, 120, 13, 115, 10, 3, 100, 58, 64, 113, 125, 89, 92, 99, 65, 66, 55, 124, 52, 56, 5, 121, 50, 51, 57, 54, 44, 103, 45, 48, 118, 53, 47, 49, 46, 94, 112, 111, 107, 127, 93, 95, 123, 97, 98, 32, 29, 28, 122, 33, 25, 26, 38, 39, 42, 34, 43, 40, 35, 36, 37, 2, 1, 16, 12, 14, 41, 30, 27, 31, 80, 79, 77, 18, 72, 8, 67, 73, 74, 68, 71, 70, 69, 75, 76, 78, 117, 84, 81, 126, 82, 83, 101, 102, 63, 119, 96, 109, 88, 87, 86, 85, 110, 104, 59]
  Najlepszy dystans: 122252.74942825185

Iteracja 77:
  Najlepsza trasa: [31, 27, 26, 25, 33, 29, 32, 122, 28, 38, 39, 42, 34, 43, 40, 35, 37, 36, 41, 30, 14, 12, 15, 106, 6, 108, 20, 17, 21, 19, 22, 4, 23, 24, 9, 11, 114, 105, 7, 1, 16, 2, 51, 57, 44, 103, 45, 54, 121, 50, 115, 13, 120, 10, 3, 90, 116, 60, 100, 64, 58, 91, 61, 62, 59, 104, 125, 89, 92, 99, 65, 113, 66, 55, 124, 52, 5, 56, 47, 49, 53, 48, 118, 46, 94, 112, 111, 107, 127, 93, 95, 123, 97, 98, 101, 102, 63, 119, 96, 109, 88, 87, 86, 85, 110, 71, 70, 69, 68, 74, 73, 67, 8, 72, 18, 77, 76, 75, 82, 83, 126, 81, 84, 117, 78, 80, 79, 31]
  Najlepszy dystans: 122925.48288588613

Iteracja 78:
  Najlepsza trasa: [9, 24, 23, 4, 22, 108, 15, 106, 6, 114, 105, 7, 1, 16, 37, 36, 41, 30, 14, 12, 20, 17, 21, 19, 8, 72, 18, 77, 74, 73, 67, 68, 71, 70, 69, 63, 119, 96, 109, 88, 87, 86, 85, 110, 104, 125, 89, 92, 99, 65, 113, 66, 55, 124, 52, 5, 121, 56, 47, 49, 53, 48, 118, 46, 94, 112, 111, 107, 127, 93, 95, 123, 97, 98, 101, 102, 83, 82, 126, 81, 84, 117, 75, 76, 78, 80, 79, 31, 27, 26, 25, 33, 29, 32, 122, 28, 38, 39, 42, 34, 43, 40, 35, 44, 103, 45, 54, 57, 51, 2, 50, 115, 13, 120, 10, 100, 64, 58, 91, 61, 62, 59, 60, 116, 90, 3, 11, 9]
  Najlepszy dystans: 120729.8091579426

Iteracja 79:
  Najlepsza trasa: [105, 7, 1, 16, 37, 36, 40, 43, 34, 42, 39, 38, 26, 25, 33, 29, 32, 122, 28, 97, 98, 123, 95, 93, 127, 107, 111, 112, 94, 46, 118, 48, 53, 49, 47, 55, 66, 124, 52, 5, 56, 121, 57, 54, 45, 103, 44, 35, 2, 51, 50, 115, 13, 120, 10, 100, 58, 64, 113, 65, 99, 92, 89, 125, 104, 59, 62, 91, 61, 60, 116, 90, 3, 11, 9, 24, 23, 4, 22, 17, 21, 19, 72, 8, 67, 73, 74, 18, 77, 76, 75, 69, 70, 68, 71, 110, 85, 86, 87, 88, 109, 96, 119, 63, 102, 101, 83, 82, 126, 81, 84, 117, 78, 80, 79, 31, 27, 30, 41, 14, 12, 20, 108, 15, 106, 6, 114, 105]
  Najlepszy dystans: 120944.29505722057

Iteracja 80:
  Najlepsza trasa: [75, 63, 119, 96, 109, 88, 87, 86, 85, 110, 104, 125, 89, 92, 99, 65, 113, 64, 58, 100, 91, 61, 62, 59, 60, 116, 90, 3, 10, 120, 7, 1, 16, 37, 36, 41, 14, 12, 31, 27, 30, 26, 25, 33, 29, 32, 122, 28, 38, 39, 42, 34, 43, 40, 35, 44, 103, 45, 54, 57, 51, 2, 13, 115, 50, 121, 56, 5, 52, 124, 66, 55, 47, 49, 53, 48, 118, 46, 94, 112, 111, 107, 127, 93, 95, 123, 97, 98, 101, 102, 83, 82, 126, 81, 84, 117, 76, 78, 80, 79, 77, 18, 21, 17, 20, 108, 6, 106, 15, 105, 114, 11, 9, 24, 23, 4, 22, 19, 72, 8, 67, 73, 74, 68, 71, 70, 69, 75]
  Najlepszy dystans: 119937.46879410834

Iteracja 81:
  Najlepsza trasa: [20, 17, 21, 22, 4, 19, 72, 8, 67, 73, 74, 18, 77, 79, 80, 78, 117, 83, 82, 126, 81, 84, 76, 75, 69, 70, 68, 71, 110, 85, 86, 87, 88, 109, 96, 119, 63, 102, 101, 98, 97, 123, 95, 93, 127, 107, 111, 112, 94, 46, 118, 48, 53, 49, 47, 55, 66, 124, 52, 5, 56, 121, 50, 115, 13, 2, 51, 57, 54, 45, 103, 44, 40, 43, 34, 42, 39, 38, 28, 122, 32, 29, 33, 25, 26, 30, 27, 31, 12, 14, 41, 36, 35, 37, 16, 1, 7, 105, 114, 120, 10, 100, 58, 64, 113, 65, 99, 92, 89, 125, 104, 59, 62, 91, 61, 60, 116, 90, 3, 11, 9, 23, 24, 6, 106, 15, 108, 20]
  Najlepszy dystans: 121740.20997393526

Iteracja 82:
  Najlepsza trasa: [43, 34, 42, 39, 38, 28, 122, 32, 29, 33, 25, 26, 30, 27, 31, 12, 14, 41, 36, 35, 37, 16, 1, 7, 105, 114, 6, 106, 15, 20, 108, 24, 23, 4, 22, 19, 21, 17, 79, 80, 78, 76, 75, 117, 84, 81, 126, 82, 83, 102, 101, 98, 97, 123, 95, 93, 127, 107, 111, 112, 94, 46, 118, 48, 53, 49, 47, 55, 66, 113, 65, 99, 92, 89, 125, 104, 110, 85, 86, 87, 88, 109, 96, 119, 63, 69, 70, 71, 68, 67, 73, 74, 77, 18, 72, 8, 9, 11, 3, 90, 116, 60, 59, 62, 61, 91, 58, 64, 100, 10, 120, 13, 115, 50, 2, 51, 121, 5, 52, 124, 56, 57, 54, 45, 103, 44, 40, 43]
  Najlepszy dystans: 120854.0083128838

Iteracja 83:
  Najlepsza trasa: [122, 33, 25, 26, 38, 39, 42, 40, 43, 34, 30, 41, 14, 12, 31, 27, 80, 79, 78, 76, 75, 117, 84, 81, 126, 82, 83, 101, 102, 63, 119, 96, 109, 88, 87, 86, 85, 110, 71, 70, 69, 68, 74, 73, 67, 8, 72, 18, 77, 21, 17, 20, 15, 106, 6, 108, 4, 22, 19, 23, 24, 9, 11, 114, 105, 7, 1, 16, 2, 37, 36, 35, 44, 103, 45, 54, 57, 51, 121, 56, 124, 52, 5, 50, 115, 13, 120, 10, 3, 100, 64, 58, 91, 61, 90, 116, 60, 62, 59, 104, 125, 89, 92, 99, 65, 113, 66, 55, 47, 49, 53, 48, 118, 46, 94, 112, 111, 107, 127, 93, 95, 123, 97, 98, 32, 29, 28, 122]
  Najlepszy dystans: 121493.49819433398

Iteracja 84:
  Najlepsza trasa: [42, 34, 43, 40, 35, 37, 36, 41, 30, 14, 16, 1, 7, 120, 10, 115, 13, 50, 2, 51, 57, 54, 44, 45, 103, 93, 95, 123, 97, 98, 127, 107, 111, 112, 94, 46, 118, 48, 53, 49, 47, 56, 121, 5, 52, 124, 55, 66, 113, 65, 99, 92, 89, 125, 104, 59, 62, 60, 116, 90, 61, 91, 58, 64, 100, 3, 9, 11, 114, 105, 15, 106, 6, 108, 24, 23, 4, 22, 19, 72, 8, 67, 73, 74, 76, 75, 69, 70, 68, 71, 110, 85, 86, 87, 88, 109, 96, 119, 63, 102, 101, 83, 82, 126, 81, 84, 117, 78, 80, 79, 77, 18, 21, 17, 20, 12, 31, 27, 26, 25, 33, 29, 32, 122, 28, 38, 39, 42]
  Najlepszy dystans: 121085.68213599279

Iteracja 85:
  Najlepsza trasa: [24, 9, 11, 114, 6, 106, 15, 105, 7, 1, 16, 37, 36, 41, 14, 12, 31, 27, 30, 34, 43, 40, 42, 39, 38, 26, 25, 33, 122, 28, 29, 32, 83, 82, 126, 81, 84, 117, 78, 76, 75, 69, 96, 119, 63, 102, 101, 98, 97, 123, 95, 93, 127, 107, 111, 112, 94, 46, 118, 48, 53, 49, 47, 55, 66, 124, 52, 5, 56, 121, 57, 54, 45, 103, 44, 35, 2, 51, 50, 115, 13, 120, 10, 3, 90, 116, 60, 59, 62, 61, 91, 100, 58, 64, 113, 65, 99, 92, 89, 125, 104, 85, 86, 87, 88, 109, 110, 71, 70, 68, 67, 73, 74, 77, 80, 79, 18, 72, 8, 19, 23, 4, 22, 21, 17, 20, 108, 24]
  Najlepszy dystans: 123445.08167929637

Iteracja 86:
  Najlepsza trasa: [46, 94, 112, 111, 107, 127, 93, 95, 123, 97, 98, 32, 29, 25, 33, 122, 28, 42, 43, 34, 39, 38, 26, 27, 31, 30, 12, 14, 41, 36, 37, 35, 40, 44, 103, 45, 54, 57, 51, 121, 56, 124, 52, 5, 50, 13, 115, 10, 120, 2, 16, 1, 7, 105, 114, 6, 106, 15, 108, 20, 17, 21, 18, 77, 79, 80, 78, 117, 84, 81, 126, 82, 83, 101, 102, 63, 119, 96, 109, 88, 87, 86, 85, 110, 71, 70, 69, 75, 76, 68, 74, 73, 67, 8, 72, 19, 22, 4, 23, 24, 9, 11, 3, 90, 116, 60, 59, 62, 61, 91, 100, 58, 64, 113, 125, 104, 89, 92, 99, 65, 66, 55, 47, 49, 53, 48, 118, 46]
  Najlepszy dystans: 121780.99832730836

Iteracja 87:
  Najlepsza trasa: [74, 77, 80, 79, 18, 72, 8, 19, 23, 4, 22, 21, 17, 20, 108, 15, 106, 6, 24, 9, 11, 114, 105, 7, 1, 16, 2, 51, 35, 37, 36, 41, 14, 12, 30, 31, 27, 26, 25, 33, 29, 32, 122, 28, 38, 39, 42, 34, 43, 40, 44, 103, 45, 54, 57, 121, 56, 124, 52, 5, 50, 115, 13, 120, 10, 3, 100, 64, 58, 91, 61, 90, 116, 60, 62, 59, 104, 125, 89, 92, 99, 65, 113, 66, 55, 47, 49, 53, 48, 118, 46, 94, 112, 111, 107, 127, 93, 95, 123, 97, 98, 101, 102, 63, 119, 88, 87, 86, 85, 110, 109, 96, 69, 75, 82, 83, 126, 81, 84, 117, 78, 76, 68, 70, 71, 67, 73, 74]
  Najlepszy dystans: 122772.18823974204

Iteracja 88:
  Najlepsza trasa: [28, 38, 39, 42, 34, 43, 40, 35, 36, 37, 16, 1, 7, 120, 10, 3, 100, 64, 58, 91, 61, 90, 116, 60, 62, 59, 104, 125, 89, 92, 99, 65, 113, 66, 55, 124, 52, 5, 56, 121, 50, 115, 13, 2, 51, 57, 54, 44, 103, 45, 48, 118, 53, 47, 49, 46, 94, 112, 111, 107, 127, 93, 95, 123, 97, 98, 101, 102, 63, 119, 96, 109, 88, 87, 86, 85, 110, 71, 68, 70, 69, 75, 126, 82, 83, 81, 84, 117, 78, 76, 74, 73, 67, 8, 72, 19, 22, 4, 23, 24, 9, 11, 114, 105, 15, 106, 6, 108, 20, 17, 21, 18, 77, 79, 80, 27, 31, 12, 14, 41, 30, 26, 25, 33, 29, 32, 122, 28]
  Najlepszy dystans: 120927.03125600229

Iteracja 89:
  Najlepsza trasa: [55, 66, 124, 52, 56, 5, 50, 121, 57, 54, 45, 103, 44, 51, 2, 1, 16, 14, 12, 30, 41, 36, 37, 35, 40, 43, 34, 42, 39, 38, 28, 122, 32, 29, 33, 25, 26, 27, 31, 80, 79, 76, 78, 117, 84, 81, 126, 83, 82, 75, 69, 70, 71, 68, 67, 73, 74, 77, 18, 72, 8, 19, 21, 17, 22, 4, 23, 24, 108, 20, 15, 106, 6, 9, 11, 114, 105, 7, 120, 13, 115, 10, 100, 3, 90, 116, 60, 59, 62, 61, 91, 58, 64, 113, 65, 99, 92, 89, 125, 104, 110, 85, 86, 87, 88, 109, 96, 119, 63, 102, 101, 98, 97, 123, 95, 93, 127, 107, 111, 112, 94, 46, 118, 48, 53, 49, 47, 55]
  Najlepszy dystans: 121381.27865959884

Iteracja 90:
  Najlepsza trasa: [50, 13, 115, 10, 120, 7, 105, 114, 11, 9, 24, 6, 106, 15, 108, 20, 17, 21, 22, 4, 23, 19, 8, 72, 18, 77, 79, 80, 78, 76, 75, 117, 84, 81, 126, 82, 83, 101, 102, 63, 119, 88, 87, 86, 85, 110, 109, 96, 69, 70, 71, 68, 74, 73, 67, 59, 62, 91, 61, 60, 116, 90, 3, 100, 58, 64, 125, 104, 89, 92, 99, 65, 113, 66, 55, 47, 49, 53, 48, 118, 46, 94, 112, 111, 107, 127, 98, 97, 123, 95, 93, 103, 45, 44, 40, 43, 34, 42, 39, 38, 28, 122, 32, 29, 33, 25, 26, 27, 31, 12, 14, 30, 41, 36, 35, 37, 16, 1, 2, 51, 57, 54, 121, 56, 124, 52, 5, 50]
  Najlepszy dystans: 123927.16563251041

Iteracja 91:
  Najlepsza trasa: [41, 14, 12, 31, 27, 80, 79, 77, 76, 78, 117, 84, 81, 126, 83, 82, 75, 69, 70, 71, 68, 74, 73, 67, 8, 72, 18, 21, 17, 20, 108, 4, 22, 19, 23, 24, 6, 106, 15, 1, 16, 2, 51, 50, 13, 115, 10, 120, 7, 105, 114, 11, 9, 3, 90, 116, 60, 59, 62, 61, 91, 100, 58, 64, 113, 65, 99, 92, 89, 125, 104, 110, 85, 86, 87, 88, 109, 96, 119, 63, 102, 101, 98, 97, 123, 95, 93, 127, 107, 111, 112, 94, 46, 118, 48, 53, 49, 47, 55, 66, 124, 52, 5, 56, 121, 57, 54, 45, 103, 44, 35, 37, 36, 40, 43, 34, 42, 39, 38, 28, 122, 32, 29, 33, 25, 26, 30, 41]
  Najlepszy dystans: 120803.24180354533

Iteracja 92:
  Najlepsza trasa: [82, 126, 81, 84, 117, 78, 76, 75, 69, 70, 71, 68, 74, 73, 67, 8, 72, 18, 77, 79, 80, 31, 27, 30, 12, 14, 41, 36, 37, 2, 16, 1, 7, 105, 114, 6, 106, 15, 108, 20, 17, 21, 19, 22, 4, 23, 24, 9, 11, 3, 90, 116, 60, 59, 62, 61, 91, 58, 64, 113, 100, 10, 120, 13, 115, 50, 5, 52, 124, 56, 121, 51, 57, 54, 45, 103, 44, 35, 40, 43, 34, 42, 39, 38, 26, 25, 33, 29, 32, 122, 28, 97, 98, 123, 95, 93, 127, 107, 111, 112, 94, 46, 118, 48, 53, 49, 47, 55, 66, 65, 99, 92, 89, 125, 104, 110, 85, 86, 87, 88, 109, 96, 119, 63, 102, 101, 83, 82]
  Najlepszy dystans: 120316.05695455616

Iteracja 93:
  Najlepsza trasa: [7, 120, 10, 115, 13, 50, 5, 52, 124, 56, 121, 57, 54, 45, 103, 44, 51, 2, 37, 36, 35, 40, 43, 34, 42, 39, 38, 26, 27, 31, 12, 30, 41, 14, 16, 1, 105, 6, 106, 15, 20, 108, 24, 23, 4, 22, 17, 21, 19, 72, 8, 67, 73, 74, 18, 77, 79, 80, 78, 76, 68, 70, 71, 110, 85, 86, 87, 88, 109, 96, 119, 63, 69, 75, 117, 84, 81, 126, 82, 83, 102, 101, 98, 97, 32, 29, 25, 33, 122, 28, 123, 95, 93, 127, 107, 111, 112, 94, 46, 118, 48, 53, 49, 47, 55, 66, 113, 65, 99, 92, 89, 125, 104, 59, 62, 60, 116, 90, 61, 91, 58, 64, 100, 3, 9, 11, 114, 7]
  Najlepszy dystans: 123172.04305357396

Iteracja 94:
  Najlepsza trasa: [94, 46, 118, 48, 53, 49, 47, 55, 66, 124, 52, 5, 56, 121, 50, 13, 115, 10, 120, 7, 1, 16, 2, 51, 57, 54, 45, 103, 44, 40, 35, 37, 36, 41, 14, 12, 30, 43, 34, 42, 39, 38, 28, 122, 32, 29, 33, 25, 26, 27, 31, 80, 79, 77, 18, 72, 8, 19, 23, 4, 22, 21, 17, 20, 15, 105, 114, 106, 6, 108, 24, 9, 11, 3, 100, 58, 64, 113, 65, 99, 92, 89, 125, 104, 59, 62, 61, 91, 90, 116, 60, 67, 73, 74, 68, 76, 78, 117, 84, 81, 126, 83, 82, 75, 69, 70, 71, 110, 85, 86, 87, 88, 109, 96, 119, 63, 102, 101, 98, 97, 123, 95, 93, 127, 107, 111, 112, 94]
  Najlepszy dystans: 121808.78944364103

Iteracja 95:
  Najlepsza trasa: [18, 72, 8, 67, 116, 90, 91, 61, 62, 60, 59, 104, 125, 89, 92, 99, 65, 113, 64, 58, 100, 3, 11, 9, 24, 23, 4, 22, 19, 21, 17, 20, 108, 15, 106, 6, 114, 105, 16, 1, 7, 120, 10, 115, 13, 50, 2, 51, 57, 121, 56, 5, 52, 124, 66, 55, 47, 49, 53, 48, 118, 46, 94, 112, 111, 107, 93, 127, 98, 97, 32, 29, 25, 33, 122, 28, 123, 95, 103, 45, 44, 54, 35, 37, 36, 41, 14, 12, 30, 43, 40, 34, 42, 39, 38, 26, 27, 31, 79, 80, 78, 117, 84, 81, 126, 82, 83, 101, 102, 63, 119, 96, 109, 88, 87, 86, 85, 110, 71, 70, 69, 75, 76, 68, 73, 74, 77, 18]
  Najlepszy dystans: 125921.63883397917

Iteracja 96:
  Najlepsza trasa: [54, 57, 56, 124, 52, 5, 121, 51, 2, 50, 13, 115, 10, 120, 7, 1, 16, 105, 114, 6, 106, 15, 108, 20, 17, 21, 18, 77, 79, 80, 78, 117, 84, 81, 126, 82, 83, 101, 102, 63, 119, 96, 109, 88, 87, 86, 85, 110, 71, 70, 69, 75, 76, 68, 74, 73, 67, 8, 72, 19, 22, 4, 23, 24, 9, 11, 3, 90, 116, 60, 59, 62, 61, 91, 100, 58, 64, 113, 125, 104, 89, 92, 99, 65, 66, 55, 47, 49, 53, 48, 118, 46, 94, 112, 111, 107, 127, 93, 95, 123, 98, 97, 28, 122, 32, 29, 33, 25, 26, 38, 39, 42, 40, 43, 34, 30, 27, 31, 12, 14, 41, 36, 37, 35, 44, 103, 45, 54]
  Najlepszy dystans: 121001.74430281275

Iteracja 97:
  Najlepsza trasa: [3, 10, 11, 9, 8, 72, 19, 23, 24, 4, 22, 21, 17, 20, 108, 15, 106, 6, 114, 105, 7, 120, 13, 115, 50, 2, 1, 16, 37, 36, 35, 40, 43, 34, 42, 39, 38, 28, 122, 32, 29, 33, 25, 26, 27, 30, 41, 14, 12, 31, 80, 79, 77, 18, 74, 73, 67, 68, 71, 70, 69, 75, 76, 78, 117, 84, 81, 126, 82, 83, 101, 102, 63, 119, 96, 109, 88, 87, 86, 85, 110, 104, 125, 89, 92, 99, 65, 113, 66, 55, 47, 49, 53, 48, 118, 46, 94, 112, 111, 107, 127, 98, 97, 123, 95, 93, 103, 45, 44, 54, 57, 51, 121, 5, 56, 124, 52, 100, 64, 58, 91, 61, 62, 59, 60, 116, 90, 3]
  Najlepszy dystans: 120619.09104375148

Iteracja 98:
  Najlepsza trasa: [39, 38, 28, 122, 32, 29, 33, 25, 26, 27, 31, 80, 79, 76, 78, 117, 84, 81, 126, 83, 82, 75, 69, 70, 71, 68, 67, 73, 74, 77, 18, 72, 8, 19, 23, 4, 22, 21, 17, 20, 108, 15, 106, 6, 24, 9, 11, 114, 105, 7, 120, 3, 90, 116, 60, 59, 62, 61, 91, 58, 64, 100, 10, 115, 13, 50, 121, 56, 5, 52, 124, 55, 66, 113, 65, 99, 92, 89, 125, 104, 110, 85, 86, 87, 88, 109, 96, 119, 63, 102, 101, 98, 97, 123, 95, 93, 127, 107, 111, 112, 94, 46, 118, 48, 53, 49, 47, 54, 57, 51, 2, 1, 16, 14, 12, 30, 41, 36, 37, 35, 44, 45, 103, 40, 43, 34, 42, 39]
  Najlepszy dystans: 121473.97155655957

Iteracja 99:
  Najlepsza trasa: [5, 56, 121, 50, 2, 51, 57, 54, 45, 103, 44, 40, 35, 37, 36, 41, 30, 43, 34, 42, 39, 38, 28, 122, 32, 29, 33, 25, 26, 27, 31, 12, 14, 16, 1, 105, 15, 106, 6, 108, 20, 17, 21, 18, 77, 79, 80, 78, 117, 81, 84, 76, 75, 69, 70, 71, 68, 74, 73, 67, 8, 72, 19, 22, 4, 23, 24, 9, 11, 114, 7, 120, 13, 115, 10, 3, 90, 116, 60, 59, 62, 61, 91, 100, 58, 64, 113, 65, 99, 92, 89, 125, 104, 110, 85, 86, 87, 88, 109, 96, 119, 63, 126, 82, 83, 102, 101, 98, 97, 123, 95, 93, 127, 107, 111, 112, 94, 46, 118, 48, 53, 49, 47, 55, 66, 124, 52, 5]
  Najlepszy dystans: 120293.6561240831

Iteracja 100:
  Najlepsza trasa: [9, 24, 23, 8, 72, 19, 22, 4, 108, 20, 17, 21, 18, 77, 79, 80, 27, 31, 12, 14, 41, 30, 43, 34, 42, 39, 38, 26, 25, 33, 29, 32, 122, 28, 97, 98, 123, 95, 93, 127, 107, 111, 112, 94, 46, 118, 48, 53, 49, 47, 124, 52, 55, 66, 113, 65, 99, 92, 89, 125, 104, 110, 85, 86, 87, 88, 109, 96, 119, 63, 102, 101, 83, 82, 126, 81, 84, 117, 78, 76, 75, 69, 70, 71, 68, 74, 73, 67, 59, 62, 60, 116, 90, 61, 91, 58, 64, 100, 3, 10, 115, 13, 50, 2, 51, 5, 56, 121, 57, 54, 45, 103, 44, 40, 35, 36, 37, 16, 1, 7, 120, 114, 105, 15, 106, 6, 11, 9]
  Najlepszy dystans: 120017.25742550351

Najlepsze rozwi¹zanie z 100 iteracji:
  Najlepsza trasa: [120, 7, 105, 114, 6, 106, 15, 108, 20, 17, 21, 18, 77, 79, 80, 31, 27, 30, 12, 14, 41, 36, 37, 16, 1, 2, 51, 50, 5, 52, 124, 56, 121, 57, 54, 45, 103, 44, 35, 40, 43, 34, 42, 39, 38, 26, 25, 33, 29, 32, 122, 28, 97, 98, 123, 95, 93, 127, 107, 111, 112, 94, 46, 118, 48, 53, 49, 47, 55, 66, 113, 65, 99, 92, 89, 125, 104, 110, 85, 86, 87, 88, 109, 96, 119, 63, 102, 101, 83, 82, 126, 81, 84, 117, 78, 76, 75, 69, 70, 71, 68, 74, 73, 67, 8, 72, 19, 22, 4, 23, 24, 9, 11, 3, 90, 116, 60, 59, 62, 61, 91, 58, 64, 100, 10, 115, 13, 120]
  Najlepszy dystans: 118532.85864333673
rednia wartoæ dystansu z 100 iteracji: 121139.51
Czas dzia³ania algorytmu: 6856.91 sekund
