
Wyniki symulowanego wy¿arzania
Metoda ruchu: two_opt
Liczba epok: 800
Temperatura pocz¹tkowa: 10000
Sch³adzanie: 0.99
Liczba prób: 1000
Liczba iteracji: 50

Iteracja 1:
  Najlepsza trasa: [5, 29, 2, 42, 26, 4, 35, 45, 10, 24, 32, 39, 21, 47, 20, 33, 46, 36, 30, 43, 17, 27, 19, 37, 6, 28, 7, 18, 44, 31, 38, 8, 1, 9, 40, 15, 12, 11, 13, 25, 14, 23, 3, 22, 16, 41, 34, 48, 5]
  Najlepszy dystans: 10752

Iteracja 2:
  Najlepsza trasa: [20, 47, 11, 23, 14, 25, 13, 21, 32, 39, 48, 5, 42, 24, 10, 45, 35, 4, 26, 2, 29, 41, 34, 3, 22, 16, 1, 8, 9, 38, 31, 44, 18, 7, 28, 6, 37, 19, 27, 17, 43, 30, 36, 46, 33, 15, 40, 12, 20]
  Najlepszy dystans: 10725

Iteracja 3:
  Najlepsza trasa: [32, 24, 42, 10, 45, 35, 4, 26, 2, 29, 5, 48, 25, 14, 34, 41, 16, 22, 3, 23, 13, 11, 12, 15, 40, 9, 1, 8, 38, 31, 44, 18, 7, 28, 6, 37, 19, 27, 17, 43, 30, 36, 46, 33, 20, 47, 21, 39, 32]
  Najlepszy dystans: 10805

Iteracja 4:
  Najlepsza trasa: [21, 47, 20, 33, 46, 36, 30, 43, 17, 27, 19, 37, 6, 28, 7, 18, 44, 31, 38, 8, 1, 9, 40, 15, 12, 11, 13, 25, 14, 23, 3, 22, 16, 41, 34, 29, 2, 26, 4, 35, 45, 10, 24, 42, 5, 48, 39, 32, 21]
  Najlepszy dystans: 10628

Iteracja 5:
  Najlepsza trasa: [24, 10, 45, 35, 4, 26, 42, 2, 29, 5, 48, 25, 13, 14, 34, 41, 16, 22, 3, 23, 11, 12, 15, 40, 1, 8, 9, 38, 31, 44, 18, 7, 28, 6, 37, 19, 27, 17, 43, 30, 36, 46, 33, 20, 47, 21, 39, 32, 24]
  Najlepszy dystans: 10694

Iteracja 6:
  Najlepsza trasa: [33, 46, 36, 30, 43, 17, 27, 19, 37, 6, 28, 7, 18, 44, 31, 38, 8, 1, 9, 40, 15, 12, 11, 23, 3, 22, 16, 41, 34, 14, 13, 25, 48, 5, 29, 2, 42, 26, 4, 35, 45, 10, 24, 32, 39, 21, 47, 20, 33]
  Najlepszy dystans: 10684

Iteracja 7:
  Najlepsza trasa: [30, 43, 17, 27, 19, 37, 6, 28, 7, 18, 44, 31, 38, 9, 8, 1, 22, 16, 41, 34, 3, 23, 13, 14, 25, 48, 5, 29, 2, 42, 26, 4, 35, 45, 10, 24, 32, 39, 21, 47, 11, 40, 15, 12, 20, 33, 46, 36, 30]
  Najlepszy dystans: 10824

Iteracja 8:
  Najlepsza trasa: [9, 1, 8, 38, 31, 44, 18, 7, 28, 6, 37, 19, 27, 17, 43, 30, 36, 46, 33, 15, 12, 20, 47, 21, 13, 11, 23, 14, 25, 39, 32, 24, 10, 45, 35, 4, 26, 42, 2, 29, 5, 48, 34, 41, 16, 22, 3, 40, 9]
  Najlepszy dystans: 10791

Iteracja 9:
  Najlepsza trasa: [3, 22, 16, 1, 8, 9, 38, 31, 44, 18, 7, 28, 6, 37, 19, 27, 17, 43, 30, 36, 46, 33, 20, 47, 21, 32, 39, 48, 5, 42, 24, 10, 45, 35, 4, 26, 2, 29, 41, 34, 14, 25, 13, 23, 11, 12, 15, 40, 3]
  Najlepszy dystans: 10707

Iteracja 10:
  Najlepsza trasa: [25, 14, 23, 11, 13, 21, 47, 20, 12, 15, 33, 46, 36, 30, 43, 17, 27, 19, 37, 6, 28, 7, 18, 44, 31, 38, 8, 1, 9, 40, 3, 22, 16, 41, 34, 29, 2, 26, 4, 35, 45, 10, 24, 42, 5, 48, 32, 39, 25]
  Najlepszy dystans: 10754

Iteracja 11:
  Najlepsza trasa: [21, 13, 14, 25, 5, 48, 39, 32, 24, 10, 45, 35, 4, 26, 42, 2, 29, 34, 41, 16, 22, 3, 23, 11, 12, 15, 40, 9, 1, 8, 38, 31, 44, 18, 7, 28, 6, 37, 19, 27, 17, 43, 30, 36, 46, 33, 20, 47, 21]
  Najlepszy dystans: 10781

Iteracja 12:
  Najlepsza trasa: [14, 25, 13, 21, 32, 39, 48, 5, 42, 24, 10, 45, 35, 4, 26, 2, 29, 41, 34, 3, 22, 16, 1, 8, 9, 38, 31, 44, 18, 7, 28, 6, 37, 19, 27, 17, 43, 30, 36, 46, 33, 15, 40, 12, 20, 47, 11, 23, 14]
  Najlepszy dystans: 10725

Iteracja 13:
  Najlepsza trasa: [4, 35, 45, 10, 24, 32, 39, 25, 14, 13, 21, 47, 20, 33, 46, 36, 30, 43, 17, 27, 19, 37, 6, 28, 7, 18, 44, 31, 38, 9, 8, 1, 40, 15, 12, 11, 23, 3, 22, 16, 41, 34, 48, 5, 29, 2, 42, 26, 4]
  Najlepszy dystans: 10700

Iteracja 14:
  Najlepsza trasa: [4, 35, 45, 10, 24, 42, 5, 48, 39, 32, 21, 13, 25, 14, 23, 11, 47, 20, 12, 15, 33, 46, 36, 30, 43, 17, 27, 19, 37, 6, 28, 7, 18, 44, 31, 38, 8, 1, 9, 40, 3, 22, 16, 41, 34, 29, 2, 26, 4]
  Najlepszy dystans: 10648

Iteracja 15:
  Najlepsza trasa: [26, 42, 2, 29, 5, 48, 25, 14, 34, 41, 16, 22, 3, 23, 11, 12, 15, 40, 9, 1, 8, 38, 31, 44, 18, 7, 28, 6, 37, 19, 27, 17, 43, 30, 36, 46, 33, 20, 47, 13, 21, 39, 32, 24, 10, 45, 35, 4, 26]
  Najlepszy dystans: 10688

Iteracja 16:
  Najlepsza trasa: [46, 36, 30, 43, 17, 27, 19, 37, 6, 28, 7, 18, 44, 31, 38, 8, 1, 9, 40, 15, 12, 11, 23, 3, 22, 16, 41, 34, 29, 2, 4, 26, 35, 45, 10, 24, 42, 5, 48, 39, 32, 25, 14, 13, 21, 47, 20, 33, 46]
  Najlepszy dystans: 10721

Iteracja 17:
  Najlepsza trasa: [47, 13, 21, 39, 32, 24, 10, 45, 35, 4, 26, 42, 2, 29, 5, 48, 25, 14, 34, 41, 16, 22, 1, 8, 9, 38, 31, 44, 18, 7, 28, 6, 37, 19, 27, 17, 43, 30, 36, 46, 33, 20, 12, 15, 40, 3, 23, 11, 47]
  Najlepszy dystans: 10796

Iteracja 18:
  Najlepsza trasa: [45, 10, 24, 42, 5, 48, 39, 32, 21, 13, 25, 14, 34, 3, 23, 11, 47, 20, 12, 40, 15, 33, 46, 36, 30, 43, 17, 27, 19, 37, 6, 28, 7, 18, 44, 31, 38, 9, 8, 1, 22, 16, 41, 29, 2, 26, 4, 35, 45]
  Najlepszy dystans: 10800

Iteracja 19:
  Najlepsza trasa: [40, 15, 12, 11, 23, 13, 25, 14, 34, 41, 29, 2, 26, 4, 35, 45, 10, 24, 42, 5, 48, 39, 32, 21, 47, 20, 33, 46, 36, 30, 43, 17, 27, 19, 37, 6, 28, 7, 18, 44, 31, 38, 9, 8, 1, 16, 22, 3, 40]
  Najlepszy dystans: 10707

Iteracja 20:
  Najlepsza trasa: [32, 39, 48, 5, 42, 24, 10, 45, 35, 4, 26, 2, 29, 34, 41, 16, 22, 3, 40, 1, 8, 9, 38, 31, 44, 18, 7, 28, 6, 37, 19, 27, 17, 43, 30, 36, 46, 33, 15, 12, 20, 47, 11, 23, 14, 25, 13, 21, 32]
  Najlepszy dystans: 10658

Iteracja 21:
  Najlepsza trasa: [13, 21, 32, 39, 48, 5, 42, 24, 10, 45, 35, 4, 26, 2, 29, 25, 14, 34, 41, 16, 22, 3, 23, 11, 12, 15, 40, 1, 8, 9, 38, 31, 44, 18, 7, 28, 6, 37, 19, 27, 17, 43, 30, 36, 46, 33, 20, 47, 13]
  Najlepszy dystans: 10841

Iteracja 22:
  Najlepsza trasa: [42, 5, 48, 39, 32, 21, 47, 13, 25, 14, 34, 3, 23, 11, 40, 15, 12, 20, 33, 46, 36, 30, 43, 17, 27, 19, 37, 6, 28, 7, 18, 44, 31, 38, 9, 8, 1, 22, 16, 41, 29, 2, 26, 4, 35, 45, 10, 24, 42]
  Najlepszy dystans: 10786

Iteracja 23:
  Najlepsza trasa: [48, 39, 25, 14, 34, 41, 16, 22, 3, 40, 1, 8, 9, 38, 31, 44, 18, 7, 28, 6, 37, 19, 27, 17, 43, 30, 36, 46, 33, 15, 12, 20, 47, 11, 23, 13, 21, 32, 24, 42, 10, 45, 35, 4, 26, 2, 29, 5, 48]
  Najlepszy dystans: 10898

Iteracja 24:
  Najlepsza trasa: [46, 36, 30, 43, 17, 27, 19, 37, 6, 28, 7, 18, 44, 31, 38, 8, 1, 9, 40, 3, 22, 16, 41, 34, 29, 2, 26, 4, 35, 45, 10, 24, 42, 5, 48, 32, 39, 25, 14, 23, 11, 13, 21, 47, 20, 12, 15, 33, 46]
  Najlepszy dystans: 10754

Iteracja 25:
  Najlepsza trasa: [24, 32, 39, 21, 47, 20, 33, 46, 36, 30, 43, 17, 27, 19, 37, 6, 28, 7, 18, 44, 31, 38, 8, 1, 9, 40, 15, 12, 11, 13, 25, 14, 23, 3, 22, 16, 41, 34, 48, 5, 29, 2, 42, 10, 26, 4, 35, 45, 24]
  Najlepszy dystans: 10798

Iteracja 26:
  Najlepsza trasa: [26, 2, 29, 34, 41, 16, 22, 3, 23, 11, 12, 15, 40, 9, 1, 8, 38, 31, 44, 18, 7, 28, 6, 37, 19, 27, 17, 43, 30, 36, 46, 33, 20, 47, 21, 13, 14, 25, 39, 32, 48, 5, 42, 24, 10, 45, 35, 4, 26]
  Najlepszy dystans: 10653

Iteracja 27:
  Najlepsza trasa: [11, 23, 14, 25, 13, 21, 32, 39, 48, 5, 42, 24, 10, 45, 35, 4, 26, 2, 29, 34, 41, 16, 22, 3, 40, 9, 1, 8, 38, 31, 44, 18, 7, 28, 6, 37, 19, 27, 17, 43, 30, 36, 46, 33, 15, 12, 20, 47, 11]
  Najlepszy dystans: 10648

Iteracja 28:
  Najlepsza trasa: [4, 26, 2, 29, 34, 41, 16, 22, 3, 40, 9, 1, 8, 38, 31, 44, 18, 7, 28, 6, 37, 19, 27, 17, 43, 30, 36, 46, 33, 15, 12, 20, 47, 11, 23, 14, 25, 13, 21, 32, 39, 48, 5, 42, 24, 10, 45, 35, 4]
  Najlepszy dystans: 10648

Iteracja 29:
  Najlepsza trasa: [31, 38, 9, 8, 1, 16, 22, 3, 41, 34, 14, 23, 13, 25, 48, 5, 29, 2, 42, 10, 26, 4, 35, 45, 24, 32, 39, 21, 47, 11, 40, 15, 12, 20, 33, 46, 36, 30, 43, 17, 27, 19, 37, 6, 28, 7, 18, 44, 31]
  Najlepszy dystans: 10941

Iteracja 30:
  Najlepsza trasa: [46, 33, 15, 40, 12, 20, 47, 21, 32, 39, 48, 5, 42, 24, 10, 45, 35, 4, 26, 2, 29, 41, 34, 14, 25, 13, 11, 23, 3, 22, 16, 1, 8, 9, 38, 31, 44, 18, 7, 28, 6, 37, 19, 27, 17, 43, 30, 36, 46]
  Najlepszy dystans: 10770

Iteracja 31:
  Najlepsza trasa: [24, 42, 5, 48, 39, 32, 21, 47, 20, 33, 46, 36, 30, 43, 17, 27, 19, 37, 6, 28, 7, 18, 44, 31, 38, 8, 1, 9, 40, 15, 12, 11, 13, 25, 14, 23, 3, 22, 16, 41, 34, 29, 2, 26, 4, 35, 45, 10, 24]
  Najlepszy dystans: 10628

Iteracja 32:
  Najlepsza trasa: [17, 27, 19, 37, 6, 28, 7, 18, 44, 31, 38, 9, 8, 1, 16, 22, 3, 40, 15, 12, 11, 23, 13, 25, 14, 34, 41, 29, 5, 48, 42, 2, 26, 4, 35, 45, 10, 24, 32, 39, 21, 47, 20, 33, 46, 36, 30, 43, 17]
  Najlepszy dystans: 10894

Iteracja 33:
  Najlepsza trasa: [12, 11, 23, 3, 22, 16, 41, 34, 29, 2, 26, 4, 35, 45, 10, 24, 42, 5, 48, 32, 39, 25, 14, 13, 21, 47, 20, 33, 46, 36, 30, 43, 17, 27, 19, 37, 6, 28, 7, 18, 44, 31, 38, 8, 1, 9, 40, 15, 12]
  Najlepszy dystans: 10653

Iteracja 34:
  Najlepsza trasa: [35, 45, 24, 10, 42, 5, 48, 32, 39, 25, 14, 13, 21, 47, 20, 33, 46, 36, 30, 43, 17, 27, 19, 37, 6, 28, 7, 18, 44, 31, 38, 8, 1, 9, 40, 15, 12, 11, 23, 3, 22, 16, 41, 34, 29, 2, 26, 4, 35]
  Najlepszy dystans: 10661

Iteracja 35:
  Najlepsza trasa: [31, 44, 18, 7, 28, 6, 37, 19, 27, 17, 43, 30, 36, 46, 33, 15, 40, 12, 20, 47, 11, 23, 14, 25, 13, 21, 32, 39, 48, 5, 42, 24, 10, 45, 35, 4, 26, 2, 29, 41, 34, 3, 22, 16, 1, 8, 9, 38, 31]
  Najlepszy dystans: 10725

Iteracja 36:
  Najlepsza trasa: [46, 36, 30, 43, 17, 27, 19, 37, 6, 28, 7, 18, 44, 31, 38, 8, 1, 9, 40, 15, 12, 11, 13, 25, 14, 23, 3, 22, 16, 41, 34, 29, 2, 26, 4, 35, 45, 10, 24, 42, 5, 48, 39, 32, 21, 47, 20, 33, 46]
  Najlepszy dystans: 10628

Iteracja 37:
  Najlepsza trasa: [33, 46, 36, 30, 43, 17, 27, 19, 37, 6, 28, 7, 18, 44, 31, 38, 8, 1, 9, 40, 15, 12, 11, 23, 3, 22, 16, 41, 34, 48, 5, 29, 2, 42, 26, 4, 35, 45, 10, 24, 32, 39, 25, 14, 13, 21, 47, 20, 33]
  Najlepszy dystans: 10690

Iteracja 38:
  Najlepsza trasa: [15, 33, 46, 36, 30, 43, 17, 27, 19, 37, 6, 28, 7, 18, 44, 31, 38, 8, 1, 9, 40, 3, 22, 16, 41, 34, 29, 2, 26, 4, 35, 45, 10, 24, 42, 5, 48, 39, 32, 21, 13, 25, 14, 23, 11, 47, 20, 12, 15]
  Najlepszy dystans: 10648

Iteracja 39:
  Najlepsza trasa: [19, 37, 6, 28, 7, 18, 44, 31, 38, 8, 1, 9, 40, 15, 12, 11, 23, 3, 22, 16, 41, 34, 29, 2, 26, 4, 35, 45, 10, 24, 42, 5, 48, 32, 39, 25, 14, 13, 21, 47, 20, 33, 46, 36, 30, 43, 17, 27, 19]
  Najlepszy dystans: 10653

Iteracja 40:
  Najlepsza trasa: [28, 7, 18, 44, 31, 38, 8, 1, 9, 40, 3, 22, 16, 41, 34, 29, 2, 26, 4, 35, 45, 10, 24, 42, 5, 48, 39, 32, 21, 13, 25, 14, 23, 11, 47, 20, 12, 15, 33, 46, 36, 30, 43, 17, 27, 19, 37, 6, 28]
  Najlepszy dystans: 10648

Iteracja 41:
  Najlepsza trasa: [43, 30, 36, 46, 33, 15, 12, 20, 47, 11, 23, 13, 21, 39, 32, 24, 42, 10, 45, 35, 4, 26, 2, 29, 5, 48, 25, 14, 34, 41, 16, 22, 3, 40, 1, 8, 9, 38, 31, 44, 18, 7, 28, 6, 37, 19, 27, 17, 43]
  Najlepszy dystans: 10835

Iteracja 42:
  Najlepsza trasa: [8, 38, 31, 44, 18, 7, 28, 6, 37, 19, 27, 17, 43, 30, 36, 46, 33, 20, 47, 21, 39, 32, 24, 42, 10, 45, 35, 4, 26, 2, 29, 5, 48, 25, 13, 14, 34, 41, 16, 22, 3, 23, 11, 12, 15, 40, 9, 1, 8]
  Najlepszy dystans: 10742

Iteracja 43:
  Najlepsza trasa: [11, 12, 15, 40, 1, 8, 9, 38, 31, 44, 18, 7, 28, 6, 37, 19, 27, 17, 43, 30, 36, 46, 33, 20, 47, 21, 32, 39, 48, 5, 42, 24, 10, 45, 35, 4, 26, 2, 29, 34, 41, 16, 22, 3, 23, 14, 25, 13, 11]
  Najlepszy dystans: 10638

Iteracja 44:
  Najlepsza trasa: [3, 22, 16, 41, 34, 14, 13, 25, 48, 5, 29, 2, 42, 26, 4, 35, 45, 10, 24, 32, 39, 21, 47, 20, 33, 46, 36, 30, 43, 17, 27, 19, 37, 6, 28, 7, 18, 44, 31, 38, 8, 1, 9, 40, 15, 12, 11, 23, 3]
  Najlepszy dystans: 10684

Iteracja 45:
  Najlepsza trasa: [27, 17, 43, 30, 36, 46, 33, 20, 12, 15, 40, 11, 23, 14, 25, 13, 47, 21, 32, 39, 48, 5, 42, 24, 10, 45, 35, 4, 26, 2, 29, 41, 34, 3, 22, 16, 1, 8, 9, 38, 31, 44, 18, 7, 28, 6, 37, 19, 27]
  Najlepszy dystans: 10711

Iteracja 46:
  Najlepsza trasa: [34, 14, 25, 13, 23, 11, 12, 15, 40, 3, 22, 16, 1, 8, 9, 38, 31, 44, 18, 7, 28, 6, 37, 19, 27, 17, 43, 30, 36, 46, 33, 20, 47, 21, 32, 39, 48, 5, 42, 24, 10, 45, 35, 4, 26, 2, 29, 41, 34]
  Najlepszy dystans: 10707

Iteracja 47:
  Najlepsza trasa: [34, 41, 29, 2, 26, 4, 35, 45, 10, 24, 42, 5, 48, 39, 32, 21, 13, 25, 14, 23, 11, 47, 20, 12, 40, 15, 33, 46, 36, 30, 43, 17, 27, 19, 37, 6, 28, 7, 18, 44, 31, 38, 9, 8, 1, 16, 22, 3, 34]
  Najlepszy dystans: 10725

Iteracja 48:
  Najlepsza trasa: [42, 5, 48, 39, 32, 21, 47, 20, 33, 46, 36, 30, 43, 17, 27, 19, 37, 6, 28, 7, 18, 44, 31, 38, 8, 1, 9, 40, 15, 12, 11, 13, 25, 14, 23, 3, 22, 16, 41, 34, 29, 2, 26, 4, 35, 45, 10, 24, 42]
  Najlepszy dystans: 10628

Iteracja 49:
  Najlepsza trasa: [47, 21, 32, 39, 48, 5, 42, 10, 24, 45, 35, 4, 26, 2, 29, 34, 41, 16, 22, 3, 23, 14, 25, 13, 11, 12, 15, 40, 1, 8, 9, 38, 31, 44, 18, 7, 28, 6, 37, 19, 27, 17, 43, 30, 36, 46, 33, 20, 47]
  Najlepszy dystans: 10646

Iteracja 50:
  Najlepsza trasa: [20, 12, 15, 33, 46, 36, 30, 43, 17, 27, 37, 19, 6, 28, 18, 7, 44, 31, 38, 8, 1, 9, 40, 3, 22, 16, 41, 34, 14, 23, 11, 13, 25, 48, 5, 29, 2, 42, 26, 4, 35, 45, 10, 24, 32, 39, 21, 47, 20]
  Najlepszy dystans: 10928

Najlepsze rozwi¹zanie z 50 iteracji:
  Najlepsza trasa: [21, 47, 20, 33, 46, 36, 30, 43, 17, 27, 19, 37, 6, 28, 7, 18, 44, 31, 38, 8, 1, 9, 40, 15, 12, 11, 13, 25, 14, 23, 3, 22, 16, 41, 34, 29, 2, 26, 4, 35, 45, 10, 24, 42, 5, 48, 39, 32, 21]
  Najlepszy dystans: 10628
Œrednia wartoœæ dystansu z 50 iteracji: 10727.94
Czas dzia³ania algorytmu: 1502.69 sekund
