
Wyniki symulowanego wy¿arzania
Metoda ruchu: two_opt
Liczba epok: 800
Temperatura pocz¹tkowa: 10000
Sch³adzanie: 0.9
Liczba prób: 1000
Liczba iteracji: 10

Iteracja 1:
  Najlepsza trasa: [5, 20, 19, 31, 4, 3, 2, 75, 76, 1, 23, 22, 21, 25, 24, 46, 45, 27, 26, 30, 29, 28, 43, 42, 54, 53, 52, 50, 49, 48, 44, 47, 69, 68, 70, 67, 65, 66, 51, 56, 55, 57, 63, 64, 71, 72, 73, 62, 61, 58, 59, 60, 41, 40, 39, 38, 34, 33, 32, 35, 36, 37, 18, 17, 16, 15, 74, 14, 13, 12, 11, 10, 9, 8, 7, 6, 5]
  Najlepszy dystans: 113936.60635915857

Iteracja 2:
  Najlepsza trasa: [5, 6, 7, 8, 9, 10, 12, 13, 14, 74, 15, 16, 11, 17, 18, 37, 36, 38, 39, 40, 34, 35, 32, 33, 28, 29, 30, 31, 19, 26, 27, 43, 42, 54, 53, 55, 56, 58, 59, 60, 41, 61, 62, 57, 63, 64, 73, 72, 71, 65, 66, 51, 52, 49, 50, 67, 70, 68, 69, 47, 48, 44, 45, 46, 24, 25, 21, 22, 23, 1, 76, 75, 2, 3, 4, 20, 5]
  Najlepszy dystans: 110051.16103870182

Iteracja 3:
  Najlepsza trasa: [76, 75, 2, 3, 4, 20, 5, 6, 7, 8, 9, 10, 12, 13, 14, 74, 15, 16, 11, 17, 18, 37, 36, 38, 39, 61, 62, 73, 72, 71, 64, 63, 57, 58, 59, 60, 41, 40, 34, 35, 33, 32, 19, 31, 30, 29, 26, 27, 28, 43, 42, 54, 53, 52, 55, 56, 65, 66, 51, 49, 50, 67, 70, 68, 69, 47, 48, 44, 45, 46, 24, 25, 21, 22, 23, 1, 76]
  Najlepszy dystans: 110868.42987388525

Iteracja 4:
  Najlepsza trasa: [43, 42, 33, 32, 35, 36, 38, 39, 34, 40, 41, 60, 59, 61, 62, 63, 64, 73, 72, 71, 65, 66, 51, 56, 57, 58, 55, 52, 54, 53, 49, 50, 67, 70, 68, 69, 47, 48, 44, 45, 46, 24, 22, 23, 1, 76, 75, 2, 8, 7, 6, 9, 12, 13, 14, 74, 15, 16, 37, 18, 17, 11, 10, 19, 31, 29, 30, 20, 5, 3, 4, 21, 25, 26, 27, 28, 43]
  Najlepszy dystans: 118413.27923920273

Iteracja 5:
  Najlepsza trasa: [54, 42, 43, 28, 33, 32, 29, 30, 31, 19, 20, 26, 27, 53, 52, 49, 50, 51, 66, 65, 67, 70, 68, 69, 47, 48, 44, 45, 46, 24, 25, 21, 22, 23, 1, 76, 75, 2, 3, 4, 5, 6, 7, 8, 9, 10, 11, 12, 13, 14, 74, 15, 16, 17, 18, 37, 36, 38, 39, 35, 34, 40, 41, 60, 59, 61, 62, 73, 72, 71, 64, 63, 57, 58, 56, 55, 54]
  Najlepszy dystans: 111216.548054126

Iteracja 6:
  Najlepsza trasa: [27, 26, 29, 30, 31, 19, 20, 5, 10, 9, 11, 16, 15, 12, 13, 14, 74, 8, 7, 6, 4, 3, 2, 75, 76, 1, 23, 22, 21, 25, 24, 46, 45, 44, 48, 47, 69, 68, 70, 67, 50, 49, 52, 51, 66, 65, 71, 72, 73, 64, 63, 62, 61, 57, 56, 55, 58, 59, 60, 41, 40, 34, 35, 39, 38, 36, 37, 18, 17, 32, 33, 28, 43, 42, 54, 53, 27]
  Najlepszy dystans: 111344.39149583058

Iteracja 7:
  Najlepsza trasa: [72, 71, 64, 63, 57, 58, 55, 54, 53, 52, 56, 65, 66, 51, 49, 50, 67, 70, 68, 69, 47, 48, 44, 45, 46, 24, 25, 21, 22, 23, 1, 76, 75, 2, 4, 3, 7, 8, 6, 5, 20, 19, 31, 30, 29, 26, 27, 28, 43, 42, 33, 32, 34, 35, 36, 37, 18, 17, 11, 10, 9, 12, 13, 14, 74, 15, 16, 38, 39, 40, 41, 60, 59, 61, 62, 73, 72]
  Najlepszy dystans: 112833.03771200828

Iteracja 8:
  Najlepsza trasa: [58, 55, 56, 66, 65, 67, 70, 68, 69, 47, 46, 45, 44, 48, 49, 50, 51, 52, 53, 54, 42, 43, 28, 27, 26, 24, 25, 21, 22, 23, 1, 76, 75, 2, 3, 4, 6, 7, 8, 9, 10, 5, 20, 19, 31, 30, 29, 32, 33, 34, 35, 11, 12, 13, 14, 74, 15, 16, 17, 18, 37, 36, 38, 39, 40, 41, 60, 59, 61, 62, 63, 64, 73, 72, 71, 57, 58]
  Najlepszy dystans: 114204.38440657181

Iteracja 9:
  Najlepsza trasa: [70, 67, 50, 49, 51, 66, 65, 71, 72, 73, 64, 63, 62, 61, 59, 60, 41, 40, 39, 38, 18, 17, 37, 36, 35, 34, 58, 57, 56, 55, 52, 53, 54, 42, 43, 28, 33, 32, 29, 27, 26, 30, 31, 19, 20, 5, 10, 11, 16, 15, 74, 14, 13, 12, 9, 8, 7, 6, 4, 3, 2, 75, 76, 1, 23, 22, 21, 25, 24, 46, 45, 44, 48, 47, 69, 68, 70]
  Najlepszy dystans: 110750.67483293125

Iteracja 10:
  Najlepsza trasa: [39, 60, 41, 40, 34, 35, 33, 32, 19, 31, 30, 29, 26, 27, 28, 43, 42, 54, 53, 52, 55, 56, 57, 58, 59, 61, 62, 63, 64, 73, 72, 71, 65, 66, 51, 49, 50, 67, 70, 68, 69, 47, 48, 44, 45, 46, 24, 25, 21, 22, 23, 1, 76, 75, 2, 8, 7, 6, 3, 4, 20, 5, 10, 9, 11, 12, 13, 14, 74, 15, 16, 17, 18, 37, 36, 38, 39]
  Najlepszy dystans: 109457.13603785107

Najlepsze rozwi¹zanie z 10 iteracji:
  Najlepsza trasa: [39, 60, 41, 40, 34, 35, 33, 32, 19, 31, 30, 29, 26, 27, 28, 43, 42, 54, 53, 52, 55, 56, 57, 58, 59, 61, 62, 63, 64, 73, 72, 71, 65, 66, 51, 49, 50, 67, 70, 68, 69, 47, 48, 44, 45, 46, 24, 25, 21, 22, 23, 1, 76, 75, 2, 8, 7, 6, 3, 4, 20, 5, 10, 9, 11, 12, 13, 14, 74, 15, 16, 17, 18, 37, 36, 38, 39]
  Najlepszy dystans: 109457.13603785107
Œrednia wartoœæ dystansu z 10 iteracji: 112307.56
Czas dzia³ania algorytmu: 413.21 sekund
