
Wyniki symulowanego wy¿arzania
Metoda ruchu: two_opt
Liczba epok: 800
Temperatura pocz¹tkowa: 10000
Sch³adzanie: 0.99
Liczba prób: 1000
Liczba iteracji: 10

Iteracja 1:
  Najlepsza trasa: [7, 1, 16, 2, 51, 50, 115, 13, 120, 10, 100, 58, 64, 113, 65, 99, 92, 89, 125, 104, 110, 85, 86, 87, 88, 109, 96, 119, 63, 102, 101, 83, 82, 126, 81, 84, 117, 78, 76, 75, 69, 70, 71, 68, 74, 73, 67, 59, 62, 91, 61, 60, 116, 90, 3, 11, 9, 24, 108, 20, 17, 21, 22, 4, 23, 19, 8, 72, 18, 77, 79, 80, 31, 27, 30, 43, 34, 42, 39, 38, 26, 25, 33, 122, 28, 29, 32, 98, 97, 123, 95, 93, 127, 107, 111, 112, 94, 46, 118, 48, 53, 49, 47, 55, 66, 124, 52, 5, 56, 121, 57, 54, 45, 103, 44, 40, 35, 37, 36, 41, 14, 12, 15, 106, 6, 114, 105, 7]
  Najlepszy dystans: 119819.01434714602

Iteracja 2:
  Najlepsza trasa: [92, 99, 65, 113, 64, 58, 100, 91, 61, 62, 59, 60, 116, 90, 3, 10, 115, 13, 50, 51, 2, 16, 1, 7, 120, 11, 9, 114, 105, 15, 106, 6, 108, 24, 23, 4, 22, 19, 72, 8, 67, 73, 74, 68, 71, 70, 69, 75, 76, 84, 81, 117, 78, 80, 79, 77, 18, 21, 17, 20, 12, 31, 27, 26, 25, 33, 29, 32, 122, 28, 38, 39, 42, 34, 43, 30, 14, 41, 36, 37, 35, 40, 44, 103, 45, 54, 57, 121, 56, 5, 52, 124, 66, 55, 47, 49, 53, 48, 118, 46, 94, 112, 111, 107, 127, 93, 95, 123, 97, 98, 101, 102, 83, 82, 126, 63, 119, 96, 109, 88, 87, 86, 85, 110, 104, 125, 89, 92]
  Najlepszy dystans: 120496.25471321751

Iteracja 3:
  Najlepsza trasa: [43, 40, 44, 103, 45, 54, 57, 51, 2, 50, 115, 13, 120, 10, 3, 100, 64, 58, 91, 61, 62, 59, 60, 116, 90, 9, 11, 114, 105, 7, 1, 16, 37, 35, 36, 41, 30, 14, 12, 20, 17, 21, 22, 4, 108, 15, 106, 6, 24, 23, 19, 8, 72, 18, 77, 74, 73, 67, 68, 71, 70, 69, 75, 63, 119, 96, 109, 88, 87, 86, 85, 110, 104, 125, 89, 92, 99, 65, 113, 66, 55, 124, 52, 5, 121, 56, 47, 49, 53, 48, 118, 46, 94, 112, 111, 107, 127, 93, 95, 123, 97, 98, 101, 102, 83, 82, 126, 81, 84, 117, 78, 76, 79, 80, 31, 27, 26, 25, 33, 29, 32, 122, 28, 38, 39, 42, 34, 43]
  Najlepszy dystans: 120805.27036587901

Iteracja 4:
  Najlepsza trasa: [101, 83, 82, 126, 81, 84, 117, 78, 76, 75, 69, 70, 71, 68, 74, 73, 67, 59, 62, 60, 116, 90, 61, 91, 58, 64, 100, 3, 10, 120, 7, 105, 114, 11, 9, 6, 106, 15, 108, 20, 17, 21, 22, 4, 24, 23, 19, 8, 72, 18, 77, 79, 80, 31, 27, 30, 12, 14, 41, 36, 37, 35, 44, 45, 103, 40, 43, 34, 42, 39, 38, 26, 25, 33, 122, 28, 29, 32, 98, 97, 123, 95, 93, 127, 107, 111, 112, 94, 46, 118, 48, 53, 49, 47, 54, 57, 51, 2, 16, 1, 13, 115, 50, 121, 56, 5, 52, 124, 55, 66, 113, 65, 99, 92, 89, 125, 104, 110, 85, 86, 87, 88, 109, 96, 119, 63, 102, 101]
  Najlepszy dystans: 120355.47994893159

Iteracja 5:
  Najlepsza trasa: [92, 99, 65, 113, 66, 55, 124, 52, 5, 56, 121, 50, 13, 115, 10, 100, 64, 58, 91, 61, 62, 59, 60, 116, 90, 3, 120, 7, 105, 114, 11, 9, 24, 6, 106, 15, 108, 20, 17, 21, 22, 4, 23, 19, 8, 72, 18, 77, 74, 73, 67, 68, 71, 70, 69, 75, 82, 83, 126, 81, 84, 117, 78, 76, 79, 80, 31, 27, 26, 25, 33, 29, 32, 122, 28, 38, 39, 42, 34, 43, 40, 35, 37, 36, 41, 30, 12, 14, 16, 1, 2, 51, 57, 54, 44, 103, 45, 48, 118, 53, 47, 49, 46, 94, 112, 111, 107, 127, 93, 95, 123, 97, 98, 101, 102, 63, 119, 96, 109, 88, 87, 86, 85, 110, 104, 125, 89, 92]
  Najlepszy dystans: 120600.85484329124

Iteracja 6:
  Najlepsza trasa: [25, 26, 27, 31, 12, 14, 16, 1, 7, 120, 13, 50, 115, 10, 3, 100, 58, 64, 113, 65, 99, 92, 89, 125, 104, 59, 62, 91, 61, 60, 116, 90, 11, 9, 23, 24, 108, 6, 106, 114, 105, 15, 20, 17, 21, 22, 4, 19, 72, 8, 67, 73, 68, 74, 18, 77, 79, 80, 78, 76, 117, 84, 81, 126, 75, 69, 70, 71, 110, 85, 86, 87, 88, 109, 96, 119, 63, 82, 83, 102, 101, 98, 97, 123, 95, 93, 127, 107, 111, 112, 94, 46, 118, 48, 53, 49, 47, 55, 66, 124, 52, 5, 56, 121, 2, 51, 57, 54, 45, 103, 44, 40, 35, 37, 36, 41, 30, 43, 34, 42, 39, 38, 28, 122, 32, 29, 33, 25]
  Najlepszy dystans: 122932.76839440793

Iteracja 7:
  Najlepsza trasa: [118, 48, 53, 49, 47, 55, 66, 124, 52, 5, 56, 121, 50, 2, 51, 57, 54, 45, 103, 44, 35, 36, 37, 16, 1, 7, 120, 13, 115, 10, 100, 58, 64, 113, 65, 99, 92, 89, 125, 104, 59, 62, 91, 61, 60, 116, 90, 3, 11, 9, 24, 6, 106, 114, 105, 15, 108, 20, 17, 21, 22, 4, 23, 19, 72, 8, 67, 73, 74, 68, 75, 69, 70, 71, 110, 85, 86, 87, 88, 109, 96, 119, 63, 102, 101, 83, 82, 126, 81, 84, 117, 78, 76, 77, 18, 79, 80, 31, 27, 30, 12, 14, 41, 40, 43, 34, 42, 39, 38, 26, 25, 33, 122, 28, 29, 32, 98, 97, 123, 95, 93, 127, 107, 111, 112, 94, 46, 118]
  Najlepszy dystans: 121473.29983181949

Iteracja 8:
  Najlepsza trasa: [77, 18, 21, 17, 20, 15, 106, 6, 114, 105, 7, 120, 10, 115, 13, 50, 51, 57, 54, 45, 103, 44, 40, 35, 36, 37, 2, 1, 16, 41, 43, 34, 42, 39, 30, 14, 12, 31, 27, 26, 38, 25, 33, 122, 28, 29, 32, 80, 79, 76, 78, 117, 84, 81, 126, 83, 82, 75, 69, 70, 68, 71, 110, 85, 86, 87, 88, 109, 96, 119, 63, 102, 101, 98, 97, 123, 95, 93, 127, 107, 111, 112, 94, 46, 118, 48, 53, 49, 47, 56, 121, 5, 52, 124, 55, 66, 113, 65, 99, 92, 89, 125, 104, 59, 62, 60, 116, 90, 61, 91, 58, 64, 100, 3, 11, 9, 23, 24, 108, 4, 22, 19, 72, 8, 67, 73, 74, 77]
  Najlepszy dystans: 122730.41337493566

Iteracja 9:
  Najlepsza trasa: [9, 11, 114, 105, 15, 106, 6, 108, 20, 12, 14, 41, 30, 31, 27, 26, 25, 33, 29, 32, 122, 28, 38, 39, 42, 34, 43, 40, 35, 36, 37, 16, 1, 7, 2, 51, 44, 103, 45, 54, 57, 121, 56, 124, 52, 5, 50, 115, 13, 120, 10, 3, 100, 64, 58, 91, 61, 90, 116, 60, 62, 59, 104, 125, 89, 92, 99, 65, 113, 66, 55, 47, 49, 53, 48, 118, 46, 94, 112, 111, 107, 127, 93, 95, 123, 97, 98, 101, 102, 83, 82, 126, 63, 119, 96, 109, 88, 87, 86, 85, 110, 71, 68, 70, 69, 75, 81, 84, 117, 76, 78, 80, 79, 77, 18, 74, 73, 67, 8, 72, 19, 21, 17, 22, 4, 23, 24, 9]
  Najlepszy dystans: 120683.39749532973

Iteracja 10:
  Najlepsza trasa: [56, 47, 49, 53, 48, 118, 46, 94, 112, 111, 107, 127, 98, 97, 123, 95, 93, 103, 45, 44, 54, 57, 51, 2, 50, 13, 115, 10, 100, 64, 58, 91, 61, 62, 59, 60, 116, 90, 3, 120, 7, 1, 16, 14, 41, 36, 37, 35, 40, 43, 34, 42, 39, 38, 28, 122, 32, 29, 33, 25, 26, 30, 27, 31, 12, 20, 17, 21, 22, 4, 108, 6, 106, 15, 105, 114, 11, 9, 24, 23, 19, 72, 8, 67, 73, 68, 74, 18, 77, 79, 80, 78, 76, 75, 117, 84, 81, 126, 82, 83, 101, 102, 63, 119, 96, 88, 87, 86, 85, 109, 69, 70, 71, 110, 104, 125, 89, 92, 99, 65, 113, 66, 55, 124, 52, 5, 121, 56]
  Najlepszy dystans: 123556.9438274567

Najlepsze rozwi¹zanie z 10 iteracji:
  Najlepsza trasa: [7, 1, 16, 2, 51, 50, 115, 13, 120, 10, 100, 58, 64, 113, 65, 99, 92, 89, 125, 104, 110, 85, 86, 87, 88, 109, 96, 119, 63, 102, 101, 83, 82, 126, 81, 84, 117, 78, 76, 75, 69, 70, 71, 68, 74, 73, 67, 59, 62, 91, 61, 60, 116, 90, 3, 11, 9, 24, 108, 20, 17, 21, 22, 4, 23, 19, 8, 72, 18, 77, 79, 80, 31, 27, 30, 43, 34, 42, 39, 38, 26, 25, 33, 122, 28, 29, 32, 98, 97, 123, 95, 93, 127, 107, 111, 112, 94, 46, 118, 48, 53, 49, 47, 55, 66, 124, 52, 5, 56, 121, 57, 54, 45, 103, 44, 40, 35, 37, 36, 41, 14, 12, 15, 106, 6, 114, 105, 7]
  Najlepszy dystans: 119819.01434714602
Œrednia wartoœæ dystansu z 10 iteracji: 121345.37
Czas dzia³ania algorytmu: 715.21 sekund
