
Wyniki symulowanego wy¿arzania
Metoda ruchu: two_opt
Liczba epok: 800
Temperatura pocz¹tkowa: 10000
Sch³adzanie: 0.8
Liczba prób: 1000
Liczba iteracji: 10

Iteracja 1:
  Najlepsza trasa: [56, 55, 58, 34, 35, 32, 33, 28, 43, 42, 54, 53, 52, 49, 50, 67, 70, 68, 69, 47, 48, 44, 45, 46, 24, 22, 23, 76, 75, 2, 1, 21, 25, 26, 27, 29, 30, 31, 19, 20, 5, 4, 3, 6, 7, 8, 9, 10, 11, 12, 13, 14, 74, 15, 16, 17, 18, 37, 36, 38, 39, 40, 41, 60, 59, 61, 62, 57, 63, 64, 73, 72, 71, 65, 66, 51, 56]
  Najlepszy dystans: 111386.5185727475

Iteracja 2:
  Najlepsza trasa: [23, 1, 76, 75, 2, 8, 7, 6, 9, 10, 11, 12, 13, 14, 74, 15, 16, 17, 18, 37, 36, 32, 33, 28, 43, 42, 54, 53, 52, 49, 50, 51, 66, 65, 56, 55, 57, 58, 59, 60, 41, 40, 34, 35, 38, 39, 61, 62, 63, 64, 73, 72, 71, 70, 67, 68, 69, 47, 48, 44, 45, 46, 24, 26, 27, 29, 30, 31, 19, 20, 5, 3, 4, 25, 21, 22, 23]
  Najlepszy dystans: 115338.28717471086

Iteracja 3:
  Najlepsza trasa: [8, 7, 6, 4, 3, 2, 75, 76, 1, 23, 22, 21, 25, 24, 46, 45, 44, 48, 47, 69, 68, 70, 67, 50, 49, 42, 54, 53, 52, 51, 66, 65, 56, 55, 58, 57, 63, 64, 71, 72, 73, 62, 61, 59, 60, 41, 40, 39, 38, 37, 36, 35, 34, 33, 32, 29, 28, 43, 27, 26, 30, 31, 19, 20, 5, 10, 11, 17, 18, 16, 15, 74, 14, 13, 12, 9, 8]
  Najlepszy dystans: 111362.82456887273

Iteracja 4:
  Najlepsza trasa: [24, 25, 21, 22, 23, 1, 76, 75, 2, 3, 4, 5, 6, 7, 8, 9, 10, 12, 13, 14, 74, 15, 16, 11, 17, 18, 37, 36, 38, 39, 35, 32, 29, 31, 19, 20, 30, 26, 27, 28, 43, 53, 54, 42, 33, 34, 40, 41, 60, 59, 58, 61, 62, 63, 64, 73, 72, 71, 57, 56, 55, 52, 49, 50, 51, 66, 65, 67, 70, 68, 69, 47, 48, 44, 45, 46, 24]
  Najlepszy dystans: 112540.65279619962

Iteracja 5:
  Najlepsza trasa: [66, 65, 71, 72, 73, 64, 63, 62, 61, 59, 60, 41, 40, 39, 38, 34, 33, 32, 35, 36, 37, 18, 17, 11, 16, 15, 74, 14, 13, 12, 10, 9, 6, 8, 7, 3, 4, 5, 20, 19, 31, 30, 29, 28, 43, 27, 26, 25, 21, 2, 75, 76, 1, 23, 22, 24, 46, 45, 44, 48, 47, 69, 68, 70, 67, 50, 49, 52, 53, 54, 42, 55, 58, 57, 56, 51, 66]
  Najlepszy dystans: 112364.2304935861

Iteracja 6:
  Najlepsza trasa: [47, 48, 49, 50, 52, 53, 54, 42, 43, 44, 45, 46, 24, 22, 23, 1, 76, 75, 2, 8, 7, 6, 3, 4, 21, 25, 26, 27, 28, 33, 32, 29, 30, 31, 19, 20, 5, 10, 9, 12, 13, 14, 74, 15, 16, 11, 17, 18, 37, 36, 35, 38, 39, 34, 40, 41, 60, 59, 58, 61, 62, 63, 64, 73, 72, 71, 57, 55, 56, 51, 66, 65, 67, 70, 68, 69, 47]
  Najlepszy dystans: 116625.73391893947

Iteracja 7:
  Najlepsza trasa: [13, 12, 11, 10, 9, 8, 7, 6, 5, 20, 19, 31, 30, 29, 27, 26, 25, 21, 4, 3, 2, 75, 76, 1, 23, 22, 24, 46, 45, 44, 48, 47, 69, 68, 70, 67, 49, 50, 66, 65, 71, 72, 73, 64, 63, 57, 62, 61, 60, 59, 58, 55, 56, 51, 52, 53, 54, 42, 43, 28, 33, 32, 35, 34, 40, 41, 39, 38, 36, 37, 18, 17, 16, 15, 74, 14, 13]
  Najlepszy dystans: 111257.98326058502

Iteracja 8:
  Najlepsza trasa: [68, 69, 47, 48, 44, 45, 46, 24, 25, 21, 22, 23, 1, 76, 75, 2, 3, 4, 5, 6, 7, 8, 9, 10, 11, 12, 13, 14, 74, 15, 16, 17, 18, 37, 36, 20, 19, 31, 30, 26, 27, 53, 54, 42, 43, 28, 29, 32, 33, 34, 35, 38, 39, 40, 41, 60, 59, 58, 61, 62, 63, 64, 73, 72, 71, 57, 56, 55, 52, 49, 50, 51, 66, 65, 67, 70, 68]
  Najlepszy dystans: 112261.79057816874

Iteracja 9:
  Najlepsza trasa: [7, 8, 2, 75, 76, 1, 23, 22, 21, 25, 24, 46, 45, 44, 48, 47, 69, 68, 70, 67, 65, 66, 51, 50, 49, 43, 42, 54, 53, 52, 55, 56, 57, 63, 71, 72, 73, 64, 62, 61, 58, 59, 60, 41, 40, 39, 38, 37, 36, 35, 34, 32, 33, 28, 27, 26, 29, 30, 31, 19, 20, 4, 3, 5, 10, 11, 17, 18, 16, 15, 74, 14, 13, 12, 9, 6, 7]
  Najlepszy dystans: 112667.09793525682

Iteracja 10:
  Najlepsza trasa: [5, 20, 19, 31, 30, 29, 32, 10, 9, 12, 13, 14, 74, 15, 16, 11, 17, 18, 37, 36, 35, 38, 39, 41, 60, 59, 40, 34, 33, 28, 26, 27, 43, 42, 54, 53, 52, 55, 56, 58, 61, 62, 57, 63, 64, 73, 72, 71, 65, 66, 51, 49, 50, 67, 70, 68, 69, 47, 48, 44, 45, 46, 24, 25, 21, 22, 23, 1, 76, 75, 2, 8, 7, 6, 3, 4, 5]
  Najlepszy dystans: 112284.89199270165

Najlepsze rozwi¹zanie z 10 iteracji:
  Najlepsza trasa: [13, 12, 11, 10, 9, 8, 7, 6, 5, 20, 19, 31, 30, 29, 27, 26, 25, 21, 4, 3, 2, 75, 76, 1, 23, 22, 24, 46, 45, 44, 48, 47, 69, 68, 70, 67, 49, 50, 66, 65, 71, 72, 73, 64, 63, 57, 62, 61, 60, 59, 58, 55, 56, 51, 52, 53, 54, 42, 43, 28, 33, 32, 35, 34, 40, 41, 39, 38, 36, 37, 18, 17, 16, 15, 74, 14, 13]
  Najlepszy dystans: 111257.98326058502
Œrednia wartoœæ dystansu z 10 iteracji: 112809.00
Czas dzia³ania algorytmu: 414.23 sekund
