
Wyniki symulowanego wy¿arzania
Metoda ruchu: two_opt
Liczba epok: 800
Temperatura pocz¹tkowa: 1000
Sch³adzanie: 0.99
Liczba prób: 1000
Liczba iteracji: 10

Iteracja 1:
  Najlepsza trasa: [36, 35, 38, 39, 34, 33, 32, 29, 30, 31, 19, 20, 26, 27, 28, 43, 42, 54, 53, 52, 55, 56, 58, 59, 60, 40, 41, 61, 62, 57, 63, 64, 73, 72, 71, 65, 66, 51, 49, 50, 67, 70, 68, 69, 47, 48, 44, 45, 46, 24, 25, 21, 22, 23, 1, 76, 75, 2, 3, 4, 5, 6, 7, 8, 9, 10, 11, 12, 13, 14, 74, 15, 16, 17, 18, 37, 36]
  Najlepszy dystans: 108833.564899589

Iteracja 2:
  Najlepsza trasa: [69, 68, 70, 67, 65, 66, 51, 50, 49, 52, 53, 54, 42, 55, 56, 58, 57, 63, 64, 71, 72, 73, 62, 61, 59, 60, 41, 40, 39, 38, 37, 36, 35, 34, 32, 33, 28, 43, 27, 26, 29, 30, 31, 19, 20, 5, 10, 11, 17, 18, 16, 15, 74, 14, 13, 12, 9, 8, 7, 6, 4, 3, 2, 75, 76, 1, 23, 22, 21, 25, 24, 46, 45, 44, 48, 47, 69]
  Najlepszy dystans: 111409.97381950948

Iteracja 3:
  Najlepsza trasa: [21, 25, 24, 46, 45, 44, 48, 47, 69, 68, 70, 67, 50, 49, 51, 66, 65, 71, 72, 73, 64, 63, 62, 61, 41, 40, 60, 59, 58, 57, 56, 55, 52, 53, 54, 42, 43, 28, 27, 26, 29, 30, 31, 19, 32, 33, 35, 34, 39, 38, 36, 37, 18, 17, 16, 15, 74, 14, 13, 12, 11, 10, 9, 8, 7, 6, 5, 20, 4, 3, 2, 75, 76, 1, 23, 22, 21]
  Najlepszy dystans: 108425.5325847847

Iteracja 4:
  Najlepsza trasa: [35, 33, 32, 19, 31, 30, 29, 26, 27, 28, 43, 42, 54, 53, 52, 55, 56, 58, 59, 60, 40, 41, 61, 62, 57, 63, 64, 73, 72, 71, 65, 66, 51, 49, 50, 67, 70, 68, 69, 47, 48, 44, 45, 46, 24, 25, 21, 22, 23, 1, 76, 75, 2, 3, 4, 20, 5, 6, 7, 8, 9, 10, 12, 13, 14, 74, 15, 16, 11, 17, 18, 37, 36, 38, 39, 34, 35]
  Najlepszy dystans: 109398.19672966505

Iteracja 5:
  Najlepsza trasa: [52, 53, 54, 42, 43, 49, 50, 67, 70, 68, 69, 47, 48, 44, 45, 46, 24, 25, 21, 22, 23, 1, 76, 75, 2, 4, 3, 7, 8, 6, 5, 20, 19, 31, 30, 29, 26, 27, 28, 33, 32, 35, 36, 37, 18, 17, 11, 10, 9, 12, 13, 14, 74, 15, 16, 38, 39, 34, 40, 41, 60, 59, 61, 62, 58, 57, 63, 64, 73, 72, 71, 65, 66, 51, 56, 55, 52]
  Najlepszy dystans: 109915.66571881397

Iteracja 6:
  Najlepsza trasa: [54, 53, 52, 55, 56, 57, 58, 59, 60, 40, 41, 61, 62, 63, 64, 73, 72, 71, 65, 66, 51, 49, 50, 67, 70, 68, 69, 47, 48, 44, 45, 46, 24, 25, 21, 22, 23, 1, 76, 75, 2, 8, 7, 6, 3, 4, 30, 31, 19, 20, 5, 10, 9, 12, 13, 14, 74, 15, 16, 11, 17, 18, 37, 36, 38, 39, 34, 35, 33, 32, 29, 26, 27, 28, 43, 42, 54]
  Najlepszy dystans: 109489.01504433302

Iteracja 7:
  Najlepsza trasa: [13, 14, 74, 15, 16, 17, 18, 37, 36, 35, 34, 38, 39, 40, 41, 60, 59, 61, 62, 58, 57, 63, 64, 73, 72, 71, 65, 66, 51, 56, 55, 33, 32, 29, 26, 27, 28, 43, 42, 54, 53, 52, 49, 50, 67, 70, 68, 69, 47, 48, 44, 45, 46, 24, 25, 21, 22, 23, 1, 76, 75, 2, 8, 7, 6, 3, 4, 5, 20, 30, 31, 19, 10, 9, 11, 12, 13]
  Najlepszy dystans: 110262.46529638712

Iteracja 8:
  Najlepsza trasa: [51, 49, 50, 67, 70, 68, 69, 47, 48, 44, 45, 46, 24, 25, 21, 22, 23, 1, 76, 75, 2, 3, 4, 31, 19, 20, 5, 6, 7, 8, 9, 10, 11, 12, 13, 14, 74, 15, 16, 17, 18, 37, 36, 35, 38, 39, 40, 41, 34, 33, 32, 29, 30, 26, 27, 28, 43, 42, 54, 53, 52, 56, 55, 58, 59, 60, 61, 62, 57, 63, 64, 73, 72, 71, 65, 66, 51]
  Najlepszy dystans: 109514.15754867703

Iteracja 9:
  Najlepsza trasa: [57, 58, 59, 61, 62, 63, 64, 73, 72, 71, 65, 66, 51, 49, 50, 67, 70, 68, 69, 47, 48, 44, 45, 46, 24, 25, 21, 22, 23, 1, 76, 75, 2, 3, 4, 20, 5, 6, 7, 8, 9, 10, 11, 12, 13, 14, 74, 15, 16, 17, 18, 37, 36, 38, 39, 60, 41, 40, 34, 35, 33, 32, 19, 31, 30, 29, 26, 27, 28, 43, 42, 54, 53, 52, 55, 56, 57]
  Najlepszy dystans: 108591.00134049931

Iteracja 10:
  Najlepsza trasa: [5, 6, 7, 8, 9, 10, 11, 12, 13, 14, 74, 15, 16, 17, 18, 37, 36, 38, 39, 41, 60, 59, 40, 34, 35, 33, 32, 19, 31, 30, 29, 26, 27, 28, 43, 42, 54, 53, 52, 55, 56, 57, 58, 61, 62, 63, 64, 73, 72, 71, 65, 66, 51, 49, 50, 67, 70, 68, 69, 47, 48, 44, 45, 46, 24, 25, 21, 22, 23, 1, 76, 75, 2, 3, 4, 20, 5]
  Najlepszy dystans: 108679.96002958498

Najlepsze rozwi¹zanie z 10 iteracji:
  Najlepsza trasa: [21, 25, 24, 46, 45, 44, 48, 47, 69, 68, 70, 67, 50, 49, 51, 66, 65, 71, 72, 73, 64, 63, 62, 61, 41, 40, 60, 59, 58, 57, 56, 55, 52, 53, 54, 42, 43, 28, 27, 26, 29, 30, 31, 19, 32, 33, 35, 34, 39, 38, 36, 37, 18, 17, 16, 15, 74, 14, 13, 12, 11, 10, 9, 8, 7, 6, 5, 20, 4, 3, 2, 75, 76, 1, 23, 22, 21]
  Najlepszy dystans: 108425.5325847847
Œrednia wartoœæ dystansu z 10 iteracji: 109451.95
Czas dzia³ania algorytmu: 419.57 sekund
