
Wyniki symulowanego wy¿arzania
Metoda ruchu: two_opt
Liczba epok: 800
Temperatura pocz¹tkowa: 10000
Sch³adzanie: 0.99
Liczba prób: 1000
Liczba iteracji: 50

Iteracja 1:
  Najlepsza trasa: [57, 61, 62, 63, 64, 73, 72, 71, 65, 66, 51, 56, 55, 52, 53, 54, 42, 43, 49, 50, 67, 70, 68, 69, 47, 48, 44, 45, 46, 24, 25, 21, 22, 23, 1, 76, 75, 2, 3, 4, 26, 27, 28, 33, 32, 29, 30, 31, 19, 20, 5, 6, 7, 8, 9, 10, 11, 12, 13, 14, 74, 15, 16, 17, 18, 37, 36, 35, 34, 38, 39, 40, 41, 60, 59, 58, 57]
  Najlepszy dystans: 109054.54999444548

Iteracja 2:
  Najlepsza trasa: [12, 9, 10, 32, 33, 28, 43, 42, 54, 53, 27, 26, 29, 30, 31, 19, 20, 5, 4, 3, 6, 7, 8, 2, 75, 76, 1, 23, 22, 21, 25, 24, 46, 45, 44, 48, 47, 69, 68, 70, 67, 50, 49, 52, 55, 56, 51, 66, 65, 71, 72, 73, 64, 63, 62, 61, 57, 58, 59, 60, 41, 40, 39, 38, 34, 35, 36, 37, 18, 17, 11, 16, 15, 74, 14, 13, 12]
  Najlepszy dystans: 110248.93457810434

Iteracja 3:
  Najlepsza trasa: [46, 45, 44, 48, 47, 69, 68, 70, 67, 50, 49, 51, 66, 65, 71, 72, 73, 64, 63, 62, 61, 41, 60, 59, 58, 57, 56, 55, 52, 53, 54, 42, 43, 28, 27, 26, 20, 19, 31, 30, 29, 32, 33, 35, 34, 40, 39, 38, 36, 37, 18, 17, 16, 15, 74, 14, 13, 12, 11, 10, 9, 8, 7, 6, 5, 4, 3, 2, 75, 76, 1, 23, 22, 21, 25, 24, 46]
  Najlepszy dystans: 108159.43827413766

Iteracja 4:
  Najlepsza trasa: [63, 64, 73, 72, 71, 65, 66, 51, 52, 53, 54, 42, 43, 28, 33, 32, 19, 31, 30, 29, 26, 27, 49, 50, 67, 70, 68, 69, 47, 48, 44, 45, 46, 24, 25, 21, 22, 23, 1, 76, 75, 2, 3, 4, 20, 5, 6, 7, 8, 9, 10, 12, 13, 14, 74, 15, 16, 11, 17, 18, 37, 36, 35, 34, 38, 39, 40, 41, 60, 59, 61, 62, 58, 55, 56, 57, 63]
  Najlepszy dystans: 110159.0358927894

Iteracja 5:
  Najlepsza trasa: [14, 74, 15, 16, 11, 17, 18, 37, 36, 38, 39, 40, 34, 35, 32, 33, 28, 29, 30, 31, 19, 20, 26, 27, 43, 42, 54, 53, 52, 55, 56, 57, 58, 59, 60, 41, 61, 62, 63, 64, 73, 72, 71, 65, 66, 51, 49, 50, 67, 70, 68, 69, 47, 48, 44, 45, 46, 24, 25, 21, 22, 23, 1, 76, 75, 2, 8, 7, 6, 3, 4, 5, 10, 9, 12, 13, 14]
  Najlepszy dystans: 109258.21488042717

Iteracja 6:
  Najlepsza trasa: [66, 65, 71, 72, 73, 64, 63, 62, 61, 41, 60, 59, 58, 57, 56, 55, 52, 53, 54, 42, 43, 28, 27, 26, 20, 19, 31, 30, 29, 32, 33, 35, 34, 40, 39, 38, 36, 37, 18, 17, 16, 15, 74, 14, 13, 12, 11, 10, 9, 8, 7, 6, 5, 4, 3, 2, 75, 76, 1, 23, 22, 21, 25, 24, 46, 45, 44, 48, 47, 69, 68, 70, 67, 50, 49, 51, 66]
  Najlepszy dystans: 108159.43827413766

Iteracja 7:
  Najlepsza trasa: [43, 42, 54, 53, 52, 55, 56, 57, 58, 61, 62, 63, 64, 73, 72, 71, 65, 66, 51, 49, 50, 67, 70, 68, 69, 47, 48, 44, 45, 46, 24, 25, 21, 22, 23, 1, 76, 75, 2, 3, 4, 5, 6, 7, 8, 9, 10, 11, 12, 13, 14, 74, 15, 16, 17, 18, 37, 36, 35, 38, 39, 41, 60, 59, 40, 34, 33, 32, 29, 30, 31, 19, 20, 26, 27, 28, 43]
  Najlepszy dystans: 108601.66027194905

Iteracja 8:
  Najlepsza trasa: [19, 20, 26, 27, 28, 33, 34, 38, 39, 40, 41, 60, 59, 58, 57, 61, 62, 63, 64, 73, 72, 71, 65, 66, 51, 56, 55, 52, 53, 54, 42, 43, 49, 50, 67, 70, 68, 69, 47, 48, 44, 45, 46, 24, 25, 21, 22, 23, 1, 76, 75, 2, 3, 4, 5, 6, 7, 8, 9, 10, 11, 12, 13, 14, 74, 15, 16, 17, 18, 37, 36, 35, 32, 29, 30, 31, 19]
  Najlepszy dystans: 109780.72440268118

Iteracja 9:
  Najlepsza trasa: [64, 73, 72, 71, 65, 66, 51, 49, 50, 67, 70, 68, 69, 47, 48, 44, 45, 46, 24, 25, 21, 22, 23, 1, 76, 75, 2, 3, 4, 30, 31, 19, 20, 5, 6, 7, 8, 9, 10, 11, 12, 13, 14, 74, 15, 16, 17, 18, 37, 36, 38, 39, 40, 34, 35, 33, 32, 29, 26, 27, 28, 43, 42, 54, 53, 52, 55, 56, 57, 58, 59, 60, 41, 61, 62, 63, 64]
  Najlepszy dystans: 108444.04715923707

Iteracja 10:
  Najlepsza trasa: [43, 42, 54, 53, 52, 55, 56, 51, 66, 65, 71, 72, 73, 64, 63, 57, 62, 61, 58, 59, 60, 41, 40, 34, 33, 28, 27, 26, 20, 19, 31, 30, 29, 32, 35, 39, 38, 36, 37, 18, 17, 16, 15, 74, 14, 13, 12, 11, 10, 9, 8, 7, 6, 5, 4, 3, 2, 75, 76, 1, 23, 22, 21, 25, 24, 46, 45, 44, 48, 47, 69, 68, 70, 67, 50, 49, 43]
  Najlepszy dystans: 109810.48803933543

Iteracja 11:
  Najlepsza trasa: [61, 62, 63, 64, 73, 72, 71, 70, 67, 68, 69, 47, 48, 44, 45, 46, 24, 25, 21, 22, 23, 1, 75, 76, 2, 3, 4, 5, 6, 7, 8, 9, 10, 12, 13, 14, 74, 15, 16, 11, 17, 18, 37, 36, 38, 39, 35, 34, 33, 32, 29, 30, 31, 19, 20, 26, 27, 28, 43, 42, 54, 53, 52, 49, 50, 66, 65, 51, 56, 55, 57, 58, 59, 60, 40, 41, 61]
  Najlepszy dystans: 110489.88977980631

Iteracja 12:
  Najlepsza trasa: [58, 56, 55, 52, 53, 54, 42, 43, 28, 27, 26, 20, 19, 31, 30, 29, 32, 33, 35, 34, 40, 41, 39, 38, 36, 37, 18, 17, 16, 15, 74, 14, 13, 12, 11, 10, 9, 8, 7, 6, 5, 4, 3, 2, 75, 76, 1, 23, 22, 21, 25, 24, 46, 45, 44, 48, 47, 69, 68, 70, 67, 50, 49, 51, 66, 65, 71, 72, 73, 64, 63, 57, 62, 61, 60, 59, 58]
  Najlepszy dystans: 108761.418685871

Iteracja 13:
  Najlepsza trasa: [11, 10, 9, 8, 7, 6, 5, 20, 19, 31, 30, 29, 32, 33, 28, 43, 27, 26, 4, 3, 2, 75, 76, 1, 23, 22, 21, 25, 24, 46, 45, 44, 48, 47, 69, 68, 70, 67, 50, 49, 42, 54, 53, 52, 51, 66, 65, 56, 55, 58, 57, 63, 64, 71, 72, 73, 62, 61, 59, 60, 41, 40, 34, 35, 39, 38, 36, 37, 18, 17, 16, 15, 74, 14, 13, 12, 11]
  Najlepszy dystans: 110491.29980319168

Iteracja 14:
  Najlepsza trasa: [43, 42, 54, 53, 52, 55, 56, 58, 59, 60, 41, 61, 62, 57, 63, 64, 73, 72, 71, 65, 66, 51, 49, 50, 67, 70, 68, 69, 47, 48, 44, 45, 46, 24, 25, 21, 22, 23, 1, 76, 75, 2, 8, 7, 6, 3, 4, 5, 20, 19, 10, 9, 11, 12, 13, 14, 74, 15, 16, 17, 18, 37, 36, 35, 38, 39, 40, 34, 33, 32, 31, 30, 29, 26, 27, 28, 43]
  Najlepszy dystans: 109899.69668911523

Iteracja 15:
  Najlepsza trasa: [6, 5, 20, 4, 3, 2, 75, 76, 1, 23, 22, 21, 25, 24, 46, 45, 44, 48, 47, 69, 68, 70, 67, 50, 49, 52, 53, 54, 42, 43, 28, 27, 26, 19, 31, 30, 29, 32, 33, 55, 56, 51, 66, 65, 71, 72, 73, 64, 63, 62, 61, 57, 58, 59, 60, 41, 40, 39, 38, 34, 35, 36, 37, 18, 17, 16, 15, 74, 14, 13, 12, 11, 10, 9, 8, 7, 6]
  Najlepszy dystans: 109340.82922296981

Iteracja 16:
  Najlepsza trasa: [10, 9, 8, 7, 6, 5, 20, 19, 31, 4, 3, 2, 75, 76, 1, 23, 22, 21, 25, 24, 46, 45, 44, 48, 47, 69, 68, 70, 67, 50, 49, 51, 66, 65, 71, 72, 73, 64, 63, 62, 61, 41, 40, 60, 59, 58, 57, 56, 55, 52, 53, 54, 42, 43, 28, 27, 26, 30, 29, 32, 33, 34, 35, 39, 38, 36, 37, 18, 17, 16, 15, 74, 14, 13, 12, 11, 10]
  Najlepszy dystans: 108862.45654036416

Iteracja 17:
  Najlepsza trasa: [6, 4, 3, 2, 75, 76, 1, 23, 22, 21, 25, 24, 46, 45, 44, 48, 47, 69, 68, 70, 67, 50, 49, 52, 55, 56, 51, 66, 65, 71, 72, 73, 64, 63, 57, 62, 61, 58, 59, 60, 41, 40, 34, 39, 38, 16, 15, 74, 14, 13, 12, 11, 17, 18, 37, 36, 35, 32, 33, 28, 43, 42, 54, 53, 27, 26, 29, 30, 31, 19, 20, 5, 10, 9, 8, 7, 6]
  Najlepszy dystans: 109445.26117366365

Iteracja 18:
  Najlepsza trasa: [66, 65, 71, 72, 73, 64, 63, 62, 61, 60, 59, 58, 57, 56, 55, 52, 53, 54, 42, 43, 28, 27, 26, 29, 30, 31, 19, 32, 33, 35, 34, 40, 41, 39, 38, 36, 37, 18, 17, 16, 15, 74, 14, 13, 12, 11, 10, 9, 8, 7, 6, 5, 20, 4, 3, 2, 75, 76, 1, 23, 22, 21, 25, 24, 46, 45, 44, 48, 47, 69, 68, 70, 67, 50, 49, 51, 66]
  Najlepszy dystans: 108396.10492003984

Iteracja 19:
  Najlepsza trasa: [75, 2, 3, 4, 20, 5, 6, 7, 8, 9, 10, 11, 12, 13, 14, 74, 15, 16, 17, 18, 37, 36, 38, 39, 40, 34, 35, 33, 32, 19, 31, 30, 29, 26, 27, 28, 43, 42, 54, 53, 52, 55, 56, 57, 58, 59, 60, 41, 61, 62, 63, 64, 73, 72, 71, 65, 66, 51, 49, 50, 67, 70, 68, 69, 47, 48, 44, 45, 46, 24, 25, 21, 22, 23, 1, 76, 75]
  Najlepszy dystans: 108280.45658074667

Iteracja 20:
  Najlepsza trasa: [51, 56, 55, 52, 49, 50, 67, 70, 68, 69, 47, 48, 44, 45, 46, 24, 25, 21, 22, 23, 1, 76, 75, 2, 3, 4, 6, 7, 8, 9, 10, 5, 20, 19, 31, 30, 29, 26, 27, 53, 54, 42, 43, 28, 33, 32, 34, 35, 36, 37, 18, 17, 11, 12, 13, 14, 74, 15, 16, 38, 39, 40, 41, 60, 59, 58, 57, 61, 62, 63, 64, 73, 72, 71, 65, 66, 51]
  Najlepszy dystans: 109376.49796430969

Iteracja 21:
  Najlepsza trasa: [74, 14, 13, 12, 9, 8, 7, 6, 4, 3, 2, 75, 76, 1, 23, 22, 21, 25, 24, 46, 45, 44, 48, 47, 69, 68, 70, 67, 50, 49, 43, 42, 54, 53, 52, 55, 56, 51, 66, 65, 71, 72, 73, 64, 63, 57, 58, 62, 61, 59, 60, 41, 40, 34, 39, 38, 18, 37, 36, 35, 32, 33, 28, 27, 26, 29, 30, 31, 19, 20, 5, 10, 11, 17, 16, 15, 74]
  Najlepszy dystans: 109590.16930894095

Iteracja 22:
  Najlepsza trasa: [59, 60, 41, 61, 62, 63, 64, 73, 72, 71, 65, 66, 51, 49, 50, 67, 70, 68, 69, 47, 48, 44, 45, 46, 24, 25, 21, 22, 23, 1, 76, 75, 2, 3, 4, 5, 6, 7, 8, 9, 10, 11, 12, 13, 14, 74, 15, 16, 17, 18, 37, 36, 35, 38, 39, 40, 34, 33, 32, 29, 30, 31, 19, 20, 26, 27, 28, 43, 42, 54, 53, 52, 55, 56, 57, 58, 59]
  Najlepszy dystans: 108202.15682311075

Iteracja 23:
  Najlepsza trasa: [3, 4, 5, 6, 7, 8, 9, 10, 11, 12, 13, 14, 74, 15, 16, 17, 18, 37, 36, 38, 39, 40, 41, 60, 59, 34, 35, 32, 33, 28, 29, 30, 31, 19, 20, 26, 27, 43, 42, 54, 53, 55, 56, 57, 58, 61, 62, 63, 64, 73, 72, 71, 65, 66, 51, 52, 49, 50, 67, 70, 68, 69, 47, 48, 44, 45, 46, 24, 25, 21, 22, 23, 1, 76, 75, 2, 3]
  Najlepszy dystans: 109214.99351346718

Iteracja 24:
  Najlepsza trasa: [66, 65, 71, 72, 73, 64, 63, 62, 61, 41, 60, 59, 58, 57, 56, 55, 52, 53, 54, 42, 43, 28, 27, 26, 20, 19, 31, 30, 29, 32, 33, 35, 34, 40, 39, 38, 36, 37, 18, 17, 11, 16, 15, 74, 14, 13, 12, 10, 9, 8, 7, 6, 5, 4, 3, 2, 75, 76, 1, 23, 22, 21, 25, 24, 46, 45, 44, 48, 47, 69, 68, 70, 67, 50, 49, 51, 66]
  Najlepszy dystans: 108645.77034657785

Iteracja 25:
  Najlepsza trasa: [52, 53, 54, 42, 43, 28, 27, 26, 20, 19, 31, 30, 29, 32, 33, 34, 40, 41, 60, 39, 38, 35, 36, 37, 18, 17, 16, 15, 74, 14, 13, 12, 11, 10, 9, 8, 7, 6, 5, 4, 3, 2, 75, 76, 1, 23, 22, 21, 25, 24, 46, 45, 44, 48, 47, 69, 68, 70, 67, 50, 49, 51, 66, 65, 71, 72, 73, 64, 63, 62, 61, 59, 58, 57, 56, 55, 52]
  Najlepszy dystans: 108512.7015828634

Iteracja 26:
  Najlepsza trasa: [52, 53, 54, 42, 43, 28, 33, 32, 29, 30, 31, 19, 20, 26, 27, 49, 50, 67, 70, 68, 69, 47, 48, 44, 45, 46, 24, 25, 21, 22, 23, 1, 76, 75, 2, 3, 4, 5, 6, 7, 8, 9, 10, 11, 12, 13, 14, 74, 15, 16, 17, 18, 37, 36, 38, 39, 35, 34, 40, 41, 60, 59, 58, 57, 61, 62, 63, 64, 73, 72, 71, 65, 66, 51, 56, 55, 52]
  Najlepszy dystans: 109049.30760545192

Iteracja 27:
  Najlepsza trasa: [29, 26, 27, 28, 43, 42, 54, 53, 52, 55, 56, 58, 59, 60, 40, 41, 61, 62, 57, 63, 64, 73, 72, 71, 65, 66, 51, 49, 50, 67, 70, 68, 69, 47, 48, 44, 45, 46, 24, 25, 21, 22, 23, 1, 76, 75, 2, 3, 4, 30, 31, 19, 20, 5, 6, 7, 8, 9, 10, 12, 13, 14, 74, 15, 16, 11, 17, 18, 37, 36, 38, 39, 34, 35, 33, 32, 29]
  Najlepszy dystans: 109561.78730815547

Iteracja 28:
  Najlepsza trasa: [35, 34, 32, 33, 28, 43, 42, 54, 53, 27, 26, 29, 30, 31, 19, 20, 5, 10, 9, 12, 11, 16, 15, 13, 14, 74, 8, 7, 6, 4, 3, 2, 75, 76, 1, 23, 22, 21, 25, 24, 46, 45, 44, 48, 47, 69, 68, 70, 67, 50, 49, 52, 55, 56, 51, 66, 65, 71, 72, 73, 64, 63, 57, 58, 62, 61, 59, 60, 41, 40, 39, 38, 18, 17, 37, 36, 35]
  Najlepszy dystans: 109616.88274207247

Iteracja 29:
  Najlepsza trasa: [55, 54, 53, 52, 49, 50, 67, 70, 68, 69, 47, 48, 44, 45, 46, 24, 25, 21, 22, 23, 1, 76, 75, 2, 3, 4, 26, 27, 28, 43, 42, 33, 32, 29, 30, 31, 19, 20, 5, 6, 7, 8, 9, 10, 11, 12, 13, 14, 74, 15, 16, 17, 18, 37, 36, 35, 34, 38, 39, 40, 41, 60, 59, 58, 61, 62, 57, 63, 64, 73, 72, 71, 65, 66, 51, 56, 55]
  Najlepszy dystans: 109434.62911630582

Iteracja 30:
  Najlepsza trasa: [23, 22, 21, 25, 24, 46, 45, 44, 48, 47, 69, 68, 70, 67, 50, 49, 51, 66, 65, 71, 72, 73, 64, 63, 62, 61, 41, 40, 60, 59, 58, 57, 56, 55, 52, 53, 54, 42, 43, 28, 27, 26, 20, 19, 31, 30, 29, 32, 33, 35, 34, 39, 38, 36, 37, 18, 17, 16, 15, 74, 14, 13, 12, 11, 10, 9, 8, 7, 6, 5, 4, 3, 2, 75, 76, 1, 23]
  Najlepszy dystans: 108304.51427817572

Iteracja 31:
  Najlepsza trasa: [54, 42, 43, 28, 27, 26, 20, 19, 31, 30, 29, 32, 33, 35, 34, 40, 39, 38, 36, 37, 18, 17, 16, 15, 74, 14, 13, 12, 11, 10, 9, 8, 7, 6, 5, 4, 3, 2, 75, 76, 1, 23, 22, 21, 25, 24, 46, 45, 44, 48, 47, 69, 68, 70, 67, 50, 49, 51, 66, 65, 71, 72, 73, 64, 63, 62, 61, 41, 60, 59, 58, 57, 56, 55, 52, 53, 54]
  Najlepszy dystans: 108159.43827413766

Iteracja 32:
  Najlepsza trasa: [12, 10, 9, 8, 7, 6, 5, 4, 3, 2, 75, 76, 1, 23, 22, 21, 25, 24, 46, 45, 44, 48, 47, 69, 68, 70, 67, 50, 49, 51, 66, 65, 71, 72, 73, 64, 63, 62, 61, 41, 40, 60, 59, 58, 57, 56, 55, 52, 53, 54, 42, 43, 28, 27, 26, 20, 19, 31, 30, 29, 32, 33, 35, 34, 39, 38, 36, 37, 18, 17, 11, 16, 15, 74, 14, 13, 12]
  Najlepszy dystans: 108790.84635061589

Iteracja 33:
  Najlepsza trasa: [64, 63, 57, 58, 62, 61, 59, 60, 41, 40, 39, 38, 34, 35, 36, 37, 18, 17, 16, 15, 74, 14, 13, 12, 11, 10, 9, 8, 7, 6, 5, 20, 30, 31, 19, 4, 3, 2, 75, 76, 1, 23, 22, 21, 25, 24, 46, 45, 44, 48, 47, 69, 68, 70, 67, 50, 49, 52, 53, 54, 42, 43, 28, 26, 27, 29, 32, 33, 55, 56, 51, 66, 65, 71, 72, 73, 64]
  Najlepszy dystans: 110084.76559277096

Iteracja 34:
  Najlepsza trasa: [12, 13, 14, 74, 15, 16, 38, 39, 40, 41, 60, 59, 58, 57, 61, 62, 63, 64, 73, 72, 71, 65, 66, 51, 56, 55, 52, 49, 50, 67, 70, 68, 69, 47, 48, 44, 45, 46, 24, 25, 21, 22, 23, 1, 76, 75, 2, 4, 3, 7, 8, 6, 5, 20, 19, 31, 30, 29, 26, 27, 53, 54, 42, 43, 28, 32, 33, 34, 35, 36, 37, 18, 17, 11, 10, 9, 12]
  Najlepszy dystans: 110206.66524884391

Iteracja 35:
  Najlepsza trasa: [34, 40, 41, 60, 59, 58, 55, 56, 57, 61, 62, 63, 64, 73, 72, 71, 65, 66, 51, 52, 53, 54, 42, 49, 50, 67, 70, 68, 69, 47, 48, 44, 45, 46, 24, 25, 21, 22, 23, 1, 76, 75, 2, 3, 4, 26, 27, 43, 28, 29, 30, 31, 19, 20, 5, 6, 7, 8, 9, 10, 11, 12, 13, 14, 74, 15, 16, 17, 18, 37, 36, 38, 39, 35, 32, 33, 34]
  Najlepszy dystans: 110330.45883305132

Iteracja 36:
  Najlepsza trasa: [56, 57, 58, 61, 62, 63, 64, 73, 72, 71, 65, 66, 51, 49, 50, 67, 70, 68, 69, 47, 48, 44, 45, 46, 24, 25, 21, 22, 23, 1, 76, 75, 2, 3, 4, 20, 19, 5, 6, 7, 8, 9, 10, 12, 13, 14, 74, 15, 16, 11, 17, 18, 37, 36, 38, 39, 41, 60, 59, 40, 34, 35, 33, 32, 31, 30, 29, 26, 27, 28, 43, 42, 54, 53, 52, 55, 56]
  Najlepszy dystans: 109515.1695132202

Iteracja 37:
  Najlepsza trasa: [27, 28, 43, 42, 54, 53, 52, 55, 56, 57, 58, 59, 60, 41, 61, 62, 63, 64, 73, 72, 71, 65, 66, 51, 49, 50, 67, 70, 68, 69, 47, 48, 44, 45, 46, 24, 25, 21, 22, 23, 1, 76, 75, 2, 3, 4, 7, 8, 6, 5, 20, 31, 19, 10, 9, 12, 13, 14, 74, 15, 16, 11, 17, 18, 37, 36, 38, 39, 40, 34, 35, 32, 33, 29, 30, 26, 27]
  Najlepszy dystans: 109564.07637065885

Iteracja 38:
  Najlepsza trasa: [46, 45, 44, 48, 47, 69, 68, 70, 67, 50, 49, 51, 66, 65, 71, 72, 73, 64, 63, 62, 61, 59, 60, 41, 58, 57, 56, 55, 52, 53, 54, 42, 43, 28, 27, 26, 31, 19, 30, 29, 32, 33, 35, 34, 40, 39, 38, 36, 37, 18, 17, 16, 15, 74, 14, 13, 12, 11, 10, 9, 8, 7, 6, 5, 20, 4, 3, 2, 75, 76, 1, 23, 22, 21, 25, 24, 46]
  Najlepszy dystans: 108620.89600693343

Iteracja 39:
  Najlepsza trasa: [60, 40, 41, 61, 62, 63, 64, 73, 72, 71, 65, 66, 51, 49, 50, 67, 70, 68, 69, 47, 48, 44, 45, 46, 24, 25, 21, 22, 23, 1, 76, 75, 2, 3, 4, 5, 6, 7, 8, 9, 10, 11, 12, 13, 14, 74, 15, 16, 17, 18, 37, 36, 38, 39, 34, 35, 33, 32, 29, 30, 31, 19, 20, 26, 27, 28, 43, 42, 54, 53, 52, 55, 56, 57, 58, 59, 60]
  Najlepszy dystans: 108304.51427817569

Iteracja 40:
  Najlepsza trasa: [11, 15, 16, 17, 18, 37, 36, 35, 38, 39, 40, 60, 41, 34, 33, 32, 31, 30, 29, 26, 27, 28, 43, 42, 54, 53, 52, 55, 56, 57, 58, 59, 61, 62, 63, 64, 73, 72, 71, 65, 66, 51, 49, 50, 67, 70, 68, 69, 47, 48, 44, 45, 46, 24, 25, 21, 22, 23, 1, 76, 75, 2, 3, 4, 5, 20, 19, 10, 9, 6, 7, 8, 74, 14, 13, 12, 11]
  Najlepszy dystans: 110033.03467893122

Iteracja 41:
  Najlepsza trasa: [57, 58, 62, 61, 59, 60, 41, 40, 34, 33, 32, 35, 39, 38, 36, 37, 18, 17, 16, 15, 74, 14, 13, 12, 11, 10, 9, 8, 7, 6, 5, 20, 4, 3, 2, 75, 76, 1, 23, 22, 21, 25, 24, 46, 45, 44, 48, 47, 69, 68, 70, 67, 50, 49, 27, 26, 19, 31, 30, 29, 28, 43, 42, 54, 53, 52, 55, 56, 51, 66, 65, 71, 72, 73, 64, 63, 57]
  Najlepszy dystans: 109822.83853576952

Iteracja 42:
  Najlepsza trasa: [50, 67, 70, 68, 69, 47, 48, 44, 45, 46, 24, 25, 21, 22, 23, 1, 76, 75, 2, 3, 4, 6, 7, 8, 9, 10, 5, 20, 19, 31, 30, 29, 26, 27, 28, 43, 42, 33, 32, 34, 35, 36, 37, 18, 17, 11, 12, 13, 14, 74, 15, 16, 38, 39, 40, 41, 60, 59, 61, 62, 58, 57, 63, 64, 73, 72, 71, 65, 66, 51, 56, 55, 54, 53, 52, 49, 50]
  Najlepszy dystans: 109431.7197864293

Iteracja 43:
  Najlepsza trasa: [10, 9, 8, 7, 6, 5, 20, 19, 31, 4, 3, 2, 75, 76, 1, 23, 22, 21, 25, 24, 46, 45, 44, 48, 47, 69, 68, 70, 67, 50, 49, 27, 26, 30, 29, 32, 33, 28, 43, 42, 54, 53, 52, 55, 56, 51, 66, 65, 71, 72, 73, 64, 63, 62, 61, 57, 58, 59, 60, 41, 40, 39, 38, 34, 35, 36, 37, 18, 17, 11, 16, 15, 74, 14, 13, 12, 10]
  Najlepszy dystans: 110096.35419474237

Iteracja 44:
  Najlepsza trasa: [52, 53, 54, 42, 43, 49, 50, 67, 70, 68, 69, 47, 48, 44, 45, 46, 24, 25, 21, 22, 23, 1, 76, 75, 2, 8, 7, 6, 3, 4, 26, 27, 28, 33, 32, 29, 30, 31, 19, 20, 5, 10, 9, 12, 13, 14, 74, 15, 16, 11, 17, 18, 37, 36, 38, 39, 35, 34, 40, 41, 60, 59, 58, 57, 61, 62, 63, 64, 73, 72, 71, 65, 66, 51, 56, 55, 52]
  Najlepszy dystans: 109949.19948650985

Iteracja 45:
  Najlepsza trasa: [11, 17, 18, 16, 15, 13, 14, 74, 8, 7, 6, 4, 3, 2, 75, 76, 1, 23, 22, 21, 25, 24, 46, 45, 44, 48, 47, 69, 68, 70, 67, 50, 49, 53, 42, 43, 54, 52, 51, 66, 65, 71, 72, 73, 64, 63, 62, 61, 57, 56, 55, 58, 59, 60, 41, 40, 39, 38, 37, 36, 35, 34, 32, 33, 28, 27, 26, 29, 30, 31, 19, 20, 5, 10, 9, 12, 11]
  Najlepszy dystans: 110082.88858792651

Iteracja 46:
  Najlepsza trasa: [30, 4, 3, 6, 7, 8, 2, 75, 76, 1, 23, 22, 21, 25, 24, 46, 45, 44, 48, 47, 69, 68, 70, 67, 50, 49, 51, 66, 65, 71, 72, 73, 64, 63, 62, 61, 41, 40, 60, 59, 58, 57, 56, 55, 52, 53, 54, 42, 43, 28, 27, 26, 29, 32, 33, 35, 34, 39, 38, 36, 37, 18, 17, 11, 16, 15, 74, 14, 13, 12, 9, 10, 5, 20, 19, 31, 30]
  Najlepszy dystans: 109489.01504433303

Iteracja 47:
  Najlepsza trasa: [50, 67, 70, 68, 69, 47, 48, 44, 45, 46, 24, 25, 21, 22, 23, 1, 76, 75, 2, 3, 4, 6, 7, 8, 74, 14, 13, 15, 16, 11, 12, 9, 10, 5, 20, 19, 31, 30, 29, 26, 27, 53, 54, 42, 43, 28, 32, 33, 34, 35, 36, 37, 18, 17, 38, 39, 40, 41, 60, 59, 58, 57, 61, 62, 63, 64, 73, 72, 71, 65, 66, 51, 56, 55, 52, 49, 50]
  Najlepszy dystans: 109662.7830752253

Iteracja 48:
  Najlepsza trasa: [59, 60, 40, 41, 61, 62, 57, 63, 64, 73, 72, 71, 65, 66, 51, 49, 50, 67, 70, 68, 69, 47, 48, 44, 45, 46, 24, 25, 21, 22, 23, 1, 76, 75, 2, 3, 4, 30, 31, 19, 20, 5, 6, 7, 8, 9, 10, 11, 12, 13, 14, 74, 15, 16, 17, 18, 37, 36, 38, 39, 34, 35, 33, 32, 29, 26, 27, 28, 43, 42, 54, 53, 52, 55, 56, 58, 59]
  Najlepszy dystans: 109075.45523571529

Iteracja 49:
  Najlepsza trasa: [19, 5, 6, 7, 8, 9, 10, 11, 12, 13, 14, 74, 15, 16, 17, 18, 37, 36, 38, 39, 34, 35, 33, 32, 31, 30, 29, 26, 27, 28, 43, 42, 54, 53, 52, 55, 56, 57, 58, 40, 41, 60, 59, 61, 62, 63, 64, 73, 72, 71, 65, 66, 51, 49, 50, 67, 70, 68, 69, 47, 48, 44, 45, 46, 24, 25, 21, 22, 23, 1, 76, 75, 2, 3, 4, 20, 19]
  Najlepszy dystans: 108777.78549935095

Iteracja 50:
  Najlepsza trasa: [4, 5, 6, 7, 8, 9, 10, 11, 12, 13, 14, 74, 15, 16, 17, 18, 37, 36, 38, 39, 41, 60, 59, 40, 34, 35, 33, 32, 29, 30, 31, 19, 20, 26, 27, 28, 43, 42, 54, 53, 52, 55, 56, 57, 58, 61, 62, 63, 64, 73, 72, 71, 65, 66, 51, 49, 50, 67, 70, 68, 69, 47, 48, 44, 45, 46, 24, 25, 21, 22, 23, 1, 76, 75, 2, 3, 4]
  Najlepszy dystans: 108558.94172297597

Najlepsze rozwi¹zanie z 50 iteracji:
  Najlepsza trasa: [46, 45, 44, 48, 47, 69, 68, 70, 67, 50, 49, 51, 66, 65, 71, 72, 73, 64, 63, 62, 61, 41, 60, 59, 58, 57, 56, 55, 52, 53, 54, 42, 43, 28, 27, 26, 20, 19, 31, 30, 29, 32, 33, 35, 34, 40, 39, 38, 36, 37, 18, 17, 16, 15, 74, 14, 13, 12, 11, 10, 9, 8, 7, 6, 5, 4, 3, 2, 75, 76, 1, 23, 22, 21, 25, 24, 46]
  Najlepszy dystans: 108159.43827413766
Œrednia wartoœæ dystansu z 50 iteracji: 109274.20
Czas dzia³ania algorytmu: 3018.13 sekund
