
Wyniki symulowanego wy¿arzania
Metoda ruchu: two_opt
Liczba epok: 25
Temperatura pocz¹tkowa: 10000
Sch³adzanie: 0.99
Liczba prób: 1000
Liczba iteracji: 10

Iteracja 1:
  Najlepsza trasa: [50, 118, 53, 38, 74, 37, 4, 20, 67, 80, 5, 76, 106, 33, 17, 79, 26, 81, 82, 101, 124, 70, 119, 1, 60, 105, 113, 104, 73, 71, 87, 120, 36, 58, 69, 75, 85, 86, 88, 114, 66, 109, 21, 59, 34, 13, 90, 11, 64, 18, 110, 99, 96, 57, 16, 6, 125, 46, 65, 7, 35, 42, 83, 126, 30, 29, 97, 93, 103, 123, 98, 27, 62, 49, 107, 127, 51, 47, 94, 43, 41, 68, 61, 91, 9, 24, 22, 78, 122, 95, 14, 72, 117, 45, 102, 56, 15, 19, 2, 77, 28, 31, 84, 108, 121, 25, 55, 12, 10, 8, 54, 92, 3, 112, 39, 44, 63, 48, 111, 32, 40, 115, 89, 116, 23, 100, 52, 50]
  Najlepszy dystans: 505884.41447562387

Iteracja 2:
  Najlepsza trasa: [61, 6, 87, 1, 74, 18, 67, 16, 14, 30, 34, 93, 3, 24, 39, 97, 26, 33, 112, 124, 118, 105, 126, 81, 56, 55, 103, 40, 92, 52, 37, 12, 46, 116, 32, 101, 96, 106, 117, 84, 78, 111, 127, 90, 104, 100, 113, 83, 102, 19, 38, 25, 69, 63, 71, 15, 7, 109, 88, 22, 68, 73, 62, 86, 85, 77, 95, 29, 5, 35, 72, 27, 36, 53, 47, 89, 114, 31, 80, 59, 99, 50, 20, 121, 4, 76, 23, 9, 51, 13, 79, 115, 94, 107, 57, 65, 48, 45, 110, 125, 91, 122, 123, 98, 42, 82, 75, 58, 17, 11, 49, 43, 44, 66, 64, 41, 120, 8, 54, 28, 10, 2, 119, 70, 21, 60, 108, 61]
  Najlepszy dystans: 495245.5331595835

Iteracja 3:
  Najlepsza trasa: [19, 7, 51, 59, 115, 32, 96, 63, 102, 39, 33, 98, 43, 126, 29, 117, 104, 62, 26, 37, 110, 85, 106, 114, 44, 61, 46, 94, 50, 22, 78, 8, 77, 2, 53, 112, 47, 65, 92, 124, 34, 121, 9, 64, 17, 100, 108, 21, 89, 5, 99, 60, 66, 73, 40, 55, 18, 36, 48, 6, 107, 118, 122, 101, 83, 58, 30, 71, 120, 54, 3, 49, 127, 111, 20, 1, 116, 84, 87, 86, 75, 123, 90, 68, 76, 56, 88, 69, 82, 31, 81, 105, 4, 16, 93, 57, 38, 23, 103, 113, 35, 52, 12, 72, 13, 91, 109, 14, 67, 119, 42, 15, 80, 25, 28, 11, 24, 70, 125, 41, 45, 95, 27, 74, 79, 97, 10, 19]
  Najlepszy dystans: 518971.50798053516

Iteracja 4:
  Najlepsza trasa: [20, 52, 16, 35, 113, 72, 21, 68, 43, 9, 89, 99, 71, 39, 114, 17, 4, 126, 69, 116, 84, 74, 63, 119, 102, 13, 95, 108, 57, 56, 78, 30, 67, 50, 1, 11, 34, 25, 59, 92, 110, 104, 10, 90, 61, 66, 49, 91, 53, 103, 124, 125, 14, 28, 122, 79, 88, 29, 33, 83, 81, 32, 93, 73, 12, 37, 23, 27, 5, 45, 98, 55, 107, 111, 94, 127, 26, 109, 80, 3, 106, 70, 31, 40, 44, 48, 82, 41, 22, 7, 18, 85, 87, 97, 101, 42, 112, 15, 2, 60, 58, 46, 121, 65, 105, 118, 47, 6, 76, 96, 86, 75, 38, 51, 120, 123, 117, 62, 115, 24, 64, 8, 19, 77, 54, 100, 36, 20]
  Najlepszy dystans: 491360.56308598386

Iteracja 5:
  Najlepsza trasa: [93, 112, 46, 51, 125, 73, 20, 54, 94, 61, 80, 47, 58, 91, 89, 92, 65, 71, 9, 60, 109, 19, 4, 13, 24, 114, 102, 101, 38, 78, 83, 41, 7, 44, 120, 5, 31, 26, 17, 72, 104, 27, 74, 66, 97, 28, 87, 52, 105, 33, 21, 77, 29, 6, 3, 36, 118, 2, 63, 81, 85, 25, 12, 127, 53, 75, 108, 11, 22, 64, 100, 121, 43, 119, 103, 23, 67, 59, 86, 110, 111, 124, 90, 8, 69, 35, 50, 40, 34, 56, 98, 107, 123, 42, 106, 39, 122, 95, 70, 115, 14, 30, 126, 32, 76, 18, 88, 96, 84, 79, 68, 10, 49, 48, 62, 117, 1, 37, 57, 16, 116, 82, 99, 15, 45, 113, 55, 93]
  Najlepszy dystans: 508610.72378379956

Iteracja 6:
  Najlepsza trasa: [69, 64, 3, 73, 54, 42, 1, 38, 118, 46, 85, 39, 47, 20, 74, 116, 44, 16, 113, 82, 63, 81, 76, 21, 100, 13, 103, 93, 50, 43, 83, 30, 5, 57, 123, 108, 31, 80, 32, 114, 49, 65, 8, 72, 14, 91, 17, 96, 86, 78, 109, 27, 51, 84, 104, 125, 111, 112, 36, 12, 15, 117, 2, 53, 94, 4, 62, 61, 37, 98, 127, 107, 23, 87, 95, 34, 122, 89, 90, 24, 11, 120, 88, 70, 22, 6, 77, 119, 106, 102, 101, 33, 7, 25, 40, 45, 52, 41, 105, 59, 60, 92, 124, 99, 67, 55, 19, 56, 126, 110, 66, 35, 18, 29, 75, 68, 71, 121, 48, 26, 79, 9, 58, 28, 97, 115, 10, 69]
  Najlepszy dystans: 511446.10129157

Iteracja 7:
  Najlepsza trasa: [123, 102, 120, 47, 80, 12, 113, 121, 115, 100, 124, 23, 91, 7, 127, 34, 64, 49, 31, 119, 63, 68, 77, 8, 93, 83, 82, 19, 71, 74, 126, 50, 56, 66, 105, 11, 51, 41, 54, 94, 36, 3, 25, 43, 107, 112, 111, 26, 39, 40, 48, 79, 16, 28, 29, 117, 78, 35, 88, 73, 98, 2, 72, 108, 13, 15, 4, 116, 62, 21, 6, 106, 86, 76, 30, 125, 67, 90, 99, 22, 110, 46, 5, 27, 84, 81, 97, 33, 96, 101, 38, 32, 61, 24, 14, 10, 58, 1, 17, 52, 57, 85, 18, 114, 42, 20, 65, 70, 69, 75, 9, 118, 55, 53, 92, 104, 59, 103, 44, 45, 95, 122, 109, 87, 60, 89, 37, 123]
  Najlepszy dystans: 491650.7545356696

Iteracja 8:
  Najlepsza trasa: [101, 34, 44, 121, 78, 16, 38, 7, 109, 9, 64, 3, 125, 91, 99, 114, 57, 10, 120, 24, 13, 73, 8, 21, 30, 40, 127, 42, 14, 43, 33, 117, 98, 82, 81, 12, 32, 28, 27, 107, 48, 111, 74, 86, 68, 100, 22, 39, 15, 55, 90, 41, 2, 77, 119, 87, 70, 97, 92, 58, 89, 85, 20, 19, 122, 103, 35, 54, 11, 4, 71, 60, 61, 118, 53, 112, 95, 75, 56, 80, 23, 67, 36, 49, 69, 25, 26, 52, 18, 72, 62, 108, 105, 1, 45, 5, 115, 116, 110, 17, 113, 106, 29, 50, 93, 46, 124, 104, 84, 65, 59, 63, 96, 51, 123, 76, 79, 88, 37, 6, 126, 102, 31, 94, 47, 66, 83, 101]
  Najlepszy dystans: 507008.07696049835

Iteracja 9:
  Najlepsza trasa: [89, 60, 6, 81, 105, 116, 13, 58, 72, 111, 112, 123, 31, 20, 66, 14, 108, 21, 10, 51, 50, 34, 77, 43, 30, 98, 93, 40, 103, 48, 61, 17, 18, 3, 65, 53, 118, 74, 55, 100, 26, 41, 9, 49, 47, 12, 37, 33, 4, 16, 29, 117, 76, 88, 109, 71, 67, 22, 5, 127, 45, 124, 52, 32, 11, 120, 78, 2, 7, 73, 8, 119, 110, 56, 97, 42, 39, 122, 19, 92, 99, 1, 79, 80, 25, 113, 23, 75, 83, 102, 101, 126, 107, 46, 115, 84, 15, 54, 24, 36, 125, 87, 70, 96, 86, 85, 104, 106, 91, 68, 59, 44, 57, 64, 90, 62, 121, 35, 114, 95, 28, 63, 69, 38, 27, 94, 82, 89]
  Najlepszy dystans: 456035.5648508026

Iteracja 10:
  Najlepsza trasa: [60, 61, 45, 2, 89, 123, 51, 5, 76, 79, 48, 46, 108, 126, 82, 23, 58, 65, 85, 92, 99, 90, 7, 28, 105, 17, 13, 122, 118, 47, 52, 14, 4, 64, 18, 56, 10, 36, 86, 63, 21, 111, 32, 77, 54, 125, 66, 93, 30, 12, 27, 83, 71, 39, 34, 127, 103, 100, 116, 72, 26, 95, 107, 20, 6, 115, 40, 44, 43, 1, 9, 84, 69, 41, 98, 80, 37, 29, 117, 67, 24, 70, 73, 19, 50, 16, 8, 62, 121, 38, 124, 112, 106, 120, 53, 22, 78, 42, 104, 87, 96, 15, 31, 81, 59, 113, 49, 55, 94, 11, 114, 3, 88, 109, 75, 57, 91, 102, 101, 119, 25, 110, 68, 35, 97, 33, 74, 60]
  Najlepszy dystans: 498284.09707820724

Najlepsze rozwi¹zanie z 10 iteracji:
  Najlepsza trasa: [89, 60, 6, 81, 105, 116, 13, 58, 72, 111, 112, 123, 31, 20, 66, 14, 108, 21, 10, 51, 50, 34, 77, 43, 30, 98, 93, 40, 103, 48, 61, 17, 18, 3, 65, 53, 118, 74, 55, 100, 26, 41, 9, 49, 47, 12, 37, 33, 4, 16, 29, 117, 76, 88, 109, 71, 67, 22, 5, 127, 45, 124, 52, 32, 11, 120, 78, 2, 7, 73, 8, 119, 110, 56, 97, 42, 39, 122, 19, 92, 99, 1, 79, 80, 25, 113, 23, 75, 83, 102, 101, 126, 107, 46, 115, 84, 15, 54, 24, 36, 125, 87, 70, 96, 86, 85, 104, 106, 91, 68, 59, 44, 57, 64, 90, 62, 121, 35, 114, 95, 28, 63, 69, 38, 27, 94, 82, 89]
  Najlepszy dystans: 456035.5648508026
Œrednia wartoœæ dystansu z 10 iteracji: 498449.73
Czas dzia³ania algorytmu: 33.31 sekund
