
Wyniki symulowanego wy¿arzania
Metoda ruchu: two_opt
Liczba epok: 800
Temperatura pocz¹tkowa: 10000
Sch³adzanie: 0.8
Liczba prób: 1000
Liczba iteracji: 10

Iteracja 1:
  Najlepsza trasa: [23, 3, 9, 40, 15, 33, 46, 36, 30, 43, 17, 27, 19, 37, 6, 28, 7, 18, 44, 31, 38, 8, 1, 22, 16, 41, 34, 14, 13, 25, 29, 2, 26, 4, 35, 45, 10, 24, 42, 5, 48, 39, 32, 21, 47, 20, 12, 11, 23]
  Najlepszy dystans: 11199

Iteracja 2:
  Najlepsza trasa: [8, 1, 16, 22, 3, 41, 34, 14, 23, 13, 25, 48, 5, 29, 2, 42, 26, 4, 35, 45, 10, 24, 32, 39, 21, 47, 11, 40, 15, 12, 20, 33, 46, 36, 30, 43, 17, 27, 19, 37, 6, 28, 7, 18, 44, 31, 38, 9, 8]
  Najlepszy dystans: 10895

Iteracja 3:
  Najlepsza trasa: [40, 3, 22, 16, 41, 34, 48, 5, 29, 2, 42, 10, 26, 4, 35, 45, 24, 32, 39, 21, 13, 25, 14, 23, 11, 47, 20, 12, 15, 33, 46, 36, 30, 43, 17, 27, 19, 37, 6, 28, 7, 18, 44, 31, 38, 8, 1, 9, 40]
  Najlepszy dystans: 10818

Iteracja 4:
  Najlepsza trasa: [20, 33, 46, 36, 30, 43, 17, 27, 19, 37, 6, 28, 7, 18, 44, 31, 38, 9, 40, 15, 12, 11, 23, 3, 22, 1, 8, 16, 41, 34, 29, 2, 42, 26, 4, 35, 45, 10, 24, 32, 39, 48, 5, 25, 14, 13, 21, 47, 20]
  Najlepszy dystans: 11017

Iteracja 5:
  Najlepsza trasa: [8, 1, 16, 22, 3, 23, 11, 13, 25, 14, 34, 41, 2, 29, 5, 48, 42, 10, 26, 4, 35, 45, 24, 32, 39, 21, 47, 20, 33, 36, 30, 43, 17, 27, 19, 37, 6, 28, 7, 18, 44, 31, 46, 15, 12, 40, 9, 38, 8]
  Najlepszy dystans: 11213

Iteracja 6:
  Najlepsza trasa: [4, 26, 42, 48, 5, 29, 2, 41, 34, 3, 22, 16, 1, 8, 9, 38, 31, 44, 18, 7, 28, 6, 37, 19, 27, 17, 43, 30, 36, 46, 33, 20, 12, 15, 40, 11, 23, 14, 25, 13, 47, 21, 39, 32, 24, 10, 45, 35, 4]
  Najlepszy dystans: 10888

Iteracja 7:
  Najlepsza trasa: [11, 47, 13, 21, 39, 32, 24, 10, 45, 35, 4, 26, 42, 2, 29, 5, 48, 25, 14, 23, 34, 41, 3, 22, 16, 1, 8, 9, 40, 15, 33, 46, 38, 31, 44, 18, 7, 36, 28, 6, 37, 19, 27, 17, 43, 30, 20, 12, 11]
  Najlepszy dystans: 11176

Iteracja 8:
  Najlepsza trasa: [9, 38, 31, 44, 18, 7, 28, 6, 37, 19, 27, 17, 43, 30, 36, 46, 15, 33, 20, 12, 11, 47, 21, 13, 25, 39, 32, 48, 5, 42, 24, 10, 45, 35, 4, 26, 2, 29, 14, 23, 40, 3, 34, 41, 16, 22, 1, 8, 9]
  Najlepszy dystans: 11219

Iteracja 9:
  Najlepsza trasa: [29, 2, 42, 10, 26, 4, 35, 45, 24, 32, 21, 47, 20, 33, 12, 40, 15, 46, 36, 30, 43, 17, 27, 19, 37, 6, 28, 7, 18, 44, 31, 38, 9, 8, 1, 16, 22, 3, 41, 34, 14, 23, 11, 13, 25, 39, 48, 5, 29]
  Najlepszy dystans: 11021

Iteracja 10:
  Najlepsza trasa: [36, 46, 15, 40, 12, 33, 20, 47, 21, 13, 11, 23, 14, 25, 5, 48, 39, 32, 24, 10, 45, 35, 4, 26, 42, 2, 29, 41, 34, 3, 22, 16, 1, 8, 9, 38, 31, 44, 18, 7, 28, 6, 37, 19, 27, 17, 43, 30, 36]
  Najlepszy dystans: 10999

Najlepsze rozwi¹zanie z 10 iteracji:
  Najlepsza trasa: [40, 3, 22, 16, 41, 34, 48, 5, 29, 2, 42, 10, 26, 4, 35, 45, 24, 32, 39, 21, 13, 25, 14, 23, 11, 47, 20, 12, 15, 33, 46, 36, 30, 43, 17, 27, 19, 37, 6, 28, 7, 18, 44, 31, 38, 8, 1, 9, 40]
  Najlepszy dystans: 10818
Œrednia wartoœæ dystansu z 10 iteracji: 11044.50
Czas dzia³ania algorytmu: 315.08 sekund
