
Wyniki symulowanego wy¿arzania
Metoda ruchu: two_opt
Liczba epok: 10
Temperatura pocz¹tkowa: 10000
Sch³adzanie: 0.99
Liczba prób: 1000
Liczba iteracji: 10

Iteracja 1:
  Najlepsza trasa: [50, 103, 35, 87, 66, 125, 65, 13, 48, 25, 7, 111, 20, 72, 30, 126, 32, 23, 62, 22, 34, 121, 89, 116, 57, 67, 96, 108, 77, 36, 37, 26, 99, 110, 15, 98, 73, 58, 86, 21, 47, 59, 43, 40, 44, 39, 105, 11, 61, 55, 70, 85, 64, 54, 120, 12, 112, 46, 94, 79, 71, 119, 74, 84, 100, 19, 27, 24, 41, 115, 60, 10, 124, 118, 49, 18, 42, 3, 114, 117, 69, 8, 45, 56, 16, 51, 97, 31, 33, 90, 107, 53, 38, 92, 113, 88, 63, 102, 101, 29, 127, 28, 82, 5, 52, 106, 83, 122, 80, 104, 1, 4, 6, 9, 76, 17, 81, 75, 93, 14, 2, 68, 95, 123, 109, 91, 78, 50]
  Najlepszy dystans: 526727.6055335704

Iteracja 2:
  Najlepsza trasa: [86, 59, 24, 61, 76, 69, 70, 88, 39, 65, 107, 49, 27, 6, 9, 44, 31, 22, 106, 2, 52, 55, 54, 115, 41, 16, 29, 75, 21, 12, 46, 104, 4, 20, 119, 101, 84, 18, 110, 67, 120, 63, 102, 82, 1, 14, 15, 11, 56, 125, 45, 34, 51, 74, 95, 123, 117, 116, 36, 25, 122, 32, 105, 92, 113, 42, 40, 114, 89, 94, 3, 80, 98, 126, 50, 60, 71, 38, 93, 37, 100, 57, 48, 68, 64, 96, 33, 108, 91, 26, 28, 58, 35, 121, 112, 118, 124, 77, 19, 17, 62, 99, 43, 79, 5, 53, 47, 8, 127, 103, 111, 66, 73, 72, 97, 78, 81, 87, 85, 109, 83, 13, 23, 30, 90, 7, 10, 86]
  Najlepszy dystans: 501009.32507796015

Iteracja 3:
  Najlepsza trasa: [54, 38, 106, 61, 36, 89, 53, 52, 49, 112, 65, 10, 21, 56, 111, 125, 90, 73, 58, 103, 45, 50, 7, 37, 114, 57, 11, 63, 64, 66, 107, 123, 35, 104, 88, 87, 110, 24, 8, 16, 43, 93, 121, 14, 97, 102, 126, 1, 34, 48, 118, 76, 78, 72, 27, 31, 82, 15, 75, 44, 19, 108, 26, 124, 59, 79, 39, 91, 68, 81, 2, 86, 99, 115, 94, 42, 84, 29, 98, 80, 6, 77, 5, 62, 105, 12, 51, 100, 20, 41, 30, 13, 4, 101, 119, 70, 96, 69, 47, 117, 85, 55, 25, 83, 3, 92, 74, 23, 127, 33, 17, 22, 28, 71, 109, 67, 60, 116, 32, 95, 18, 122, 113, 9, 40, 120, 46, 54]
  Najlepszy dystans: 517262.99242437934

Iteracja 4:
  Najlepsza trasa: [29, 33, 75, 27, 32, 17, 25, 6, 114, 14, 115, 56, 111, 13, 1, 123, 103, 89, 88, 96, 109, 69, 79, 70, 63, 15, 106, 90, 4, 81, 97, 110, 68, 10, 82, 80, 43, 49, 65, 124, 8, 3, 59, 37, 45, 51, 121, 119, 18, 66, 48, 19, 50, 47, 61, 52, 57, 64, 100, 74, 24, 71, 72, 60, 120, 122, 12, 54, 62, 58, 77, 127, 5, 41, 116, 2, 46, 118, 86, 85, 104, 99, 125, 7, 83, 113, 67, 21, 9, 35, 93, 16, 30, 107, 94, 34, 11, 55, 22, 31, 26, 36, 73, 108, 101, 76, 126, 23, 39, 20, 44, 98, 102, 105, 92, 40, 53, 95, 117, 91, 112, 38, 42, 78, 84, 87, 28, 29]
  Najlepszy dystans: 504953.2541807879

Iteracja 5:
  Najlepsza trasa: [76, 59, 15, 20, 26, 116, 7, 86, 23, 112, 65, 111, 41, 118, 45, 42, 33, 97, 70, 6, 22, 58, 127, 40, 66, 29, 31, 74, 1, 78, 82, 77, 114, 83, 101, 75, 56, 121, 50, 91, 32, 96, 8, 4, 64, 24, 125, 52, 27, 85, 88, 12, 18, 84, 68, 109, 106, 16, 10, 28, 21, 44, 25, 102, 115, 48, 107, 49, 46, 13, 100, 47, 104, 89, 51, 92, 3, 72, 2, 30, 103, 80, 34, 93, 5, 124, 54, 120, 14, 11, 60, 19, 62, 67, 71, 87, 63, 119, 55, 99, 17, 113, 57, 37, 110, 90, 53, 35, 105, 36, 39, 108, 9, 123, 79, 73, 122, 98, 95, 38, 117, 69, 126, 61, 94, 43, 81, 76]
  Najlepszy dystans: 502771.3745453368

Iteracja 6:
  Najlepsza trasa: [40, 49, 102, 99, 58, 115, 100, 64, 39, 117, 114, 19, 2, 120, 46, 31, 41, 26, 36, 51, 118, 45, 42, 8, 84, 82, 63, 78, 68, 14, 74, 24, 106, 109, 121, 101, 112, 94, 33, 88, 54, 125, 91, 37, 119, 75, 81, 56, 48, 60, 61, 71, 123, 30, 50, 90, 25, 124, 95, 27, 28, 103, 13, 17, 9, 97, 29, 73, 15, 108, 44, 18, 72, 93, 80, 127, 32, 10, 21, 22, 7, 89, 104, 59, 23, 4, 70, 76, 57, 47, 53, 35, 3, 62, 12, 67, 122, 113, 111, 55, 5, 65, 66, 11, 83, 126, 79, 16, 107, 69, 92, 20, 77, 38, 43, 34, 96, 87, 85, 86, 110, 98, 1, 116, 52, 105, 6, 40]
  Najlepszy dystans: 516651.29211173044

Iteracja 7:
  Najlepsza trasa: [1, 95, 108, 20, 19, 12, 15, 24, 35, 100, 4, 5, 90, 66, 111, 10, 38, 49, 101, 102, 87, 37, 26, 2, 117, 85, 89, 80, 81, 72, 46, 56, 79, 59, 28, 40, 57, 94, 53, 34, 47, 16, 67, 74, 25, 63, 83, 82, 6, 14, 123, 127, 45, 107, 98, 36, 78, 77, 23, 62, 61, 91, 116, 39, 122, 68, 7, 115, 65, 31, 55, 124, 113, 58, 96, 75, 125, 50, 48, 60, 97, 126, 104, 121, 11, 21, 99, 88, 76, 92, 120, 51, 84, 69, 3, 42, 105, 110, 18, 93, 103, 30, 86, 109, 119, 70, 33, 29, 43, 32, 41, 8, 118, 52, 13, 22, 9, 106, 44, 54, 17, 64, 112, 114, 27, 73, 71, 1]
  Najlepszy dystans: 501653.972067027

Iteracja 8:
  Najlepsza trasa: [34, 106, 59, 68, 116, 8, 12, 108, 111, 121, 62, 6, 104, 73, 29, 39, 65, 57, 122, 22, 54, 66, 31, 9, 24, 90, 19, 20, 115, 4, 97, 61, 71, 30, 84, 82, 102, 18, 26, 94, 107, 99, 98, 14, 91, 125, 79, 123, 85, 89, 35, 40, 16, 113, 92, 36, 124, 5, 11, 10, 3, 1, 70, 15, 114, 49, 118, 45, 86, 17, 60, 95, 96, 88, 72, 80, 51, 105, 46, 7, 41, 33, 32, 78, 81, 77, 44, 56, 48, 2, 21, 127, 64, 93, 47, 52, 13, 27, 28, 25, 63, 87, 74, 103, 67, 37, 126, 43, 38, 53, 50, 109, 76, 42, 101, 83, 23, 119, 117, 110, 69, 75, 120, 100, 58, 55, 112, 34]
  Najlepszy dystans: 525999.9260976729

Iteracja 9:
  Najlepsza trasa: [16, 7, 11, 46, 36, 58, 49, 35, 124, 37, 97, 29, 73, 9, 125, 47, 127, 33, 80, 79, 31, 20, 109, 126, 88, 77, 21, 68, 94, 120, 103, 45, 38, 41, 86, 104, 64, 84, 71, 74, 34, 10, 89, 113, 70, 50, 42, 23, 81, 78, 87, 90, 92, 96, 82, 69, 30, 115, 75, 67, 114, 5, 98, 15, 4, 51, 99, 13, 65, 55, 118, 40, 14, 17, 19, 53, 57, 108, 61, 101, 102, 63, 106, 122, 60, 76, 39, 116, 3, 1, 27, 44, 93, 56, 59, 24, 66, 26, 117, 8, 18, 32, 12, 25, 72, 91, 105, 111, 110, 85, 2, 52, 48, 6, 54, 22, 28, 43, 123, 121, 100, 83, 119, 62, 107, 112, 95, 16]
  Najlepszy dystans: 514908.94249453564

Iteracja 10:
  Najlepsza trasa: [105, 80, 19, 60, 55, 6, 121, 41, 26, 77, 76, 23, 40, 35, 34, 115, 28, 91, 59, 113, 56, 93, 114, 31, 42, 32, 126, 100, 8, 62, 15, 86, 87, 61, 48, 54, 107, 123, 18, 70, 50, 10, 124, 66, 118, 3, 24, 108, 116, 11, 94, 85, 89, 119, 96, 102, 38, 36, 17, 33, 122, 65, 52, 57, 111, 49, 29, 9, 127, 112, 81, 99, 47, 75, 1, 71, 103, 4, 67, 7, 90, 13, 2, 69, 84, 63, 72, 82, 101, 83, 79, 27, 21, 12, 74, 97, 20, 117, 104, 78, 51, 120, 58, 64, 109, 125, 46, 44, 25, 98, 95, 5, 43, 68, 45, 16, 37, 106, 53, 110, 88, 22, 30, 14, 92, 39, 73, 105]
  Najlepszy dystans: 521309.16119084373

Najlepsze rozwi¹zanie z 10 iteracji:
  Najlepsza trasa: [86, 59, 24, 61, 76, 69, 70, 88, 39, 65, 107, 49, 27, 6, 9, 44, 31, 22, 106, 2, 52, 55, 54, 115, 41, 16, 29, 75, 21, 12, 46, 104, 4, 20, 119, 101, 84, 18, 110, 67, 120, 63, 102, 82, 1, 14, 15, 11, 56, 125, 45, 34, 51, 74, 95, 123, 117, 116, 36, 25, 122, 32, 105, 92, 113, 42, 40, 114, 89, 94, 3, 80, 98, 126, 50, 60, 71, 38, 93, 37, 100, 57, 48, 68, 64, 96, 33, 108, 91, 26, 28, 58, 35, 121, 112, 118, 124, 77, 19, 17, 62, 99, 43, 79, 5, 53, 47, 8, 127, 103, 111, 66, 73, 72, 97, 78, 81, 87, 85, 109, 83, 13, 23, 30, 90, 7, 10, 86]
  Najlepszy dystans: 501009.32507796015
Œrednia wartoœæ dystansu z 10 iteracji: 513324.78
Czas dzia³ania algorytmu: 9.55 sekund
