
Wyniki symulowanego wy¿arzania
Metoda ruchu: two_opt
Liczba epok: 100
Temperatura pocz¹tkowa: 10000
Sch³adzanie: 0.99
Liczba prób: 1000
Liczba iteracji: 10

Iteracja 1:
  Najlepsza trasa: [59, 29, 28, 26, 20, 39, 31, 19, 25, 8, 75, 76, 7, 9, 74, 13, 14, 15, 10, 12, 30, 37, 3, 46, 23, 18, 16, 36, 60, 34, 47, 48, 68, 55, 56, 57, 72, 71, 41, 52, 45, 44, 35, 11, 17, 4, 1, 27, 5, 43, 22, 2, 24, 21, 70, 67, 51, 49, 6, 65, 66, 58, 73, 62, 63, 64, 61, 40, 38, 33, 42, 69, 50, 54, 53, 32, 59]
  Najlepszy dystans: 315149.66315689945

Iteracja 2:
  Najlepsza trasa: [70, 67, 71, 46, 43, 60, 34, 50, 52, 64, 59, 36, 10, 9, 8, 53, 11, 14, 16, 19, 6, 5, 7, 18, 13, 15, 74, 12, 17, 37, 51, 63, 58, 61, 73, 72, 66, 62, 38, 39, 33, 32, 55, 65, 57, 56, 41, 29, 30, 25, 24, 21, 31, 22, 75, 23, 4, 3, 76, 2, 1, 20, 42, 54, 35, 28, 48, 44, 69, 26, 47, 45, 27, 49, 40, 68, 70]
  Najlepszy dystans: 297564.7463122532

Iteracja 3:
  Najlepsza trasa: [8, 18, 12, 20, 32, 40, 41, 39, 33, 31, 24, 76, 75, 2, 1, 10, 35, 26, 61, 73, 57, 62, 55, 48, 28, 36, 29, 13, 74, 14, 16, 17, 42, 43, 27, 45, 65, 63, 58, 66, 60, 34, 37, 38, 59, 64, 71, 72, 52, 56, 68, 67, 70, 54, 9, 5, 19, 49, 51, 53, 47, 69, 50, 25, 21, 22, 46, 30, 44, 4, 23, 3, 11, 15, 7, 6, 8]
  Najlepszy dystans: 288428.7409417248

Iteracja 4:
  Najlepsza trasa: [73, 59, 35, 40, 71, 32, 30, 10, 36, 38, 56, 29, 27, 50, 18, 11, 17, 28, 20, 5, 3, 75, 76, 1, 23, 46, 21, 26, 69, 70, 72, 65, 66, 58, 62, 57, 61, 41, 33, 6, 74, 14, 12, 13, 7, 16, 19, 15, 8, 9, 37, 4, 39, 60, 34, 54, 49, 43, 25, 55, 47, 51, 45, 48, 68, 67, 44, 22, 24, 2, 31, 42, 52, 53, 63, 64, 73]
  Najlepszy dystans: 303855.6938580604

Iteracja 5:
  Najlepsza trasa: [6, 19, 14, 74, 59, 20, 38, 71, 70, 67, 45, 21, 3, 4, 41, 40, 35, 7, 51, 54, 52, 50, 48, 29, 43, 61, 31, 30, 22, 23, 46, 47, 53, 76, 75, 1, 32, 42, 28, 24, 26, 33, 55, 63, 57, 68, 72, 62, 73, 64, 60, 27, 44, 66, 65, 56, 36, 34, 39, 25, 69, 49, 58, 16, 37, 18, 12, 13, 17, 11, 9, 10, 2, 8, 15, 5, 6]
  Najlepszy dystans: 335083.6120548422

Iteracja 6:
  Najlepsza trasa: [49, 18, 11, 15, 12, 16, 17, 60, 61, 48, 21, 9, 23, 6, 1, 22, 29, 4, 3, 7, 19, 5, 74, 14, 13, 10, 76, 75, 27, 28, 40, 58, 56, 72, 73, 64, 71, 62, 57, 63, 38, 59, 55, 65, 47, 68, 69, 45, 67, 66, 70, 52, 50, 51, 44, 26, 31, 35, 37, 20, 42, 54, 32, 53, 33, 39, 36, 34, 41, 24, 46, 25, 2, 8, 30, 43, 49]
  Najlepszy dystans: 285195.62230864045

Iteracja 7:
  Najlepsza trasa: [28, 13, 16, 18, 38, 51, 65, 56, 50, 67, 55, 21, 45, 4, 11, 12, 17, 60, 42, 49, 53, 36, 35, 9, 15, 74, 8, 2, 6, 7, 37, 10, 1, 23, 76, 75, 22, 25, 5, 31, 54, 30, 29, 27, 58, 34, 39, 59, 63, 72, 73, 66, 71, 41, 43, 52, 68, 70, 47, 44, 64, 62, 40, 20, 14, 3, 19, 48, 46, 24, 69, 57, 61, 33, 26, 32, 28]
  Najlepszy dystans: 301786.2427620277

Iteracja 8:
  Najlepsza trasa: [67, 69, 51, 26, 20, 76, 75, 2, 32, 38, 11, 48, 42, 19, 60, 54, 61, 73, 41, 40, 59, 63, 72, 71, 53, 35, 37, 39, 16, 13, 9, 4, 47, 24, 23, 1, 7, 3, 6, 14, 12, 8, 74, 25, 21, 15, 10, 56, 52, 70, 68, 50, 43, 55, 66, 44, 45, 46, 22, 28, 49, 33, 17, 34, 36, 27, 29, 18, 64, 58, 62, 57, 65, 31, 5, 30, 67]
  Najlepszy dystans: 323532.8140934043

Iteracja 9:
  Najlepsza trasa: [51, 15, 38, 33, 55, 68, 70, 67, 65, 71, 66, 44, 64, 50, 54, 49, 42, 24, 1, 60, 40, 59, 57, 52, 62, 31, 27, 21, 22, 46, 47, 45, 53, 19, 26, 39, 35, 34, 16, 8, 12, 10, 36, 18, 37, 17, 11, 20, 25, 28, 61, 72, 73, 63, 58, 41, 4, 23, 75, 76, 29, 32, 30, 9, 5, 2, 13, 3, 14, 74, 7, 6, 43, 56, 69, 48, 51]
  Najlepszy dystans: 311743.34651617246

Iteracja 10:
  Najlepsza trasa: [14, 4, 23, 2, 1, 3, 34, 55, 53, 66, 51, 71, 73, 72, 65, 70, 67, 44, 25, 24, 5, 19, 22, 48, 50, 57, 58, 35, 18, 13, 12, 30, 10, 16, 43, 33, 9, 31, 17, 11, 6, 8, 7, 74, 26, 29, 36, 37, 28, 60, 41, 52, 54, 56, 40, 38, 15, 75, 76, 21, 27, 20, 32, 49, 63, 42, 59, 39, 61, 64, 62, 45, 47, 69, 68, 46, 14]
  Najlepszy dystans: 294913.8093981227

Najlepsze rozwi¹zanie z 10 iteracji:
  Najlepsza trasa: [49, 18, 11, 15, 12, 16, 17, 60, 61, 48, 21, 9, 23, 6, 1, 22, 29, 4, 3, 7, 19, 5, 74, 14, 13, 10, 76, 75, 27, 28, 40, 58, 56, 72, 73, 64, 71, 62, 57, 63, 38, 59, 55, 65, 47, 68, 69, 45, 67, 66, 70, 52, 50, 51, 44, 26, 31, 35, 37, 20, 42, 54, 32, 53, 33, 39, 36, 34, 41, 24, 46, 25, 2, 8, 30, 43, 49]
  Najlepszy dystans: 285195.62230864045
Œrednia wartoœæ dystansu z 10 iteracji: 305725.43
Czas dzia³ania algorytmu: 53.03 sekund
