
Wyniki symulowanego wy¿arzania
Metoda ruchu: two_opt
Liczba epok: 800
Temperatura pocz¹tkowa: 10000
Sch³adzanie: 0.99
Liczba prób: 1000
Liczba iteracji: 10

Iteracja 1:
  Najlepsza trasa: [80, 31, 27, 30, 41, 14, 12, 20, 17, 21, 22, 4, 108, 15, 106, 6, 114, 105, 7, 120, 10, 115, 13, 50, 51, 2, 1, 16, 37, 36, 35, 40, 43, 34, 42, 39, 38, 26, 25, 33, 122, 28, 29, 32, 83, 82, 126, 81, 84, 117, 78, 76, 75, 69, 70, 68, 74, 73, 67, 71, 110, 85, 86, 87, 88, 109, 96, 119, 63, 102, 101, 98, 97, 123, 95, 93, 127, 107, 111, 112, 94, 46, 49, 47, 53, 118, 48, 45, 103, 44, 54, 57, 121, 56, 5, 52, 124, 55, 66, 100, 58, 64, 113, 65, 99, 92, 89, 125, 104, 59, 62, 91, 61, 60, 116, 90, 3, 11, 9, 24, 23, 19, 8, 72, 18, 77, 79, 80]
  Najlepszy dystans: 121867.65436785866

Iteracja 2:
  Najlepsza trasa: [28, 38, 39, 42, 34, 43, 30, 12, 14, 41, 36, 37, 35, 40, 44, 103, 45, 54, 57, 121, 56, 124, 52, 5, 115, 13, 50, 51, 2, 16, 1, 7, 120, 10, 3, 90, 116, 60, 59, 62, 61, 91, 100, 58, 64, 113, 125, 104, 89, 92, 99, 65, 66, 55, 47, 49, 53, 48, 118, 46, 94, 112, 111, 107, 127, 93, 95, 123, 97, 98, 101, 102, 63, 119, 96, 109, 88, 87, 86, 85, 110, 71, 70, 69, 75, 82, 83, 126, 81, 84, 117, 78, 76, 68, 67, 73, 74, 77, 18, 72, 8, 19, 22, 4, 23, 24, 9, 11, 114, 105, 15, 106, 6, 108, 20, 17, 21, 79, 80, 31, 27, 26, 25, 33, 29, 32, 122, 28]
  Najlepszy dystans: 122026.71854037496

Iteracja 3:
  Najlepsza trasa: [127, 107, 111, 112, 94, 46, 118, 48, 53, 49, 47, 55, 66, 124, 52, 5, 56, 121, 57, 54, 45, 103, 44, 35, 37, 36, 40, 43, 30, 41, 14, 12, 31, 27, 80, 79, 76, 78, 117, 84, 81, 126, 83, 82, 75, 69, 70, 71, 68, 67, 73, 74, 77, 18, 72, 8, 19, 4, 22, 21, 17, 20, 108, 15, 106, 6, 24, 23, 9, 11, 114, 105, 7, 1, 16, 2, 51, 50, 115, 13, 120, 10, 3, 90, 116, 60, 59, 62, 61, 91, 100, 58, 64, 113, 65, 99, 92, 89, 125, 104, 110, 85, 86, 87, 88, 109, 96, 119, 63, 102, 101, 98, 97, 123, 28, 122, 32, 29, 33, 25, 26, 38, 39, 34, 42, 95, 93, 127]
  Najlepszy dystans: 121938.70315150912

Iteracja 4:
  Najlepsza trasa: [72, 8, 9, 11, 24, 23, 4, 108, 15, 106, 6, 114, 105, 7, 1, 16, 14, 41, 30, 26, 25, 33, 29, 32, 122, 28, 38, 39, 42, 34, 43, 40, 35, 36, 37, 2, 51, 50, 115, 13, 120, 10, 3, 100, 64, 58, 91, 61, 90, 116, 60, 62, 59, 67, 73, 74, 68, 70, 71, 110, 104, 125, 89, 92, 99, 65, 113, 66, 55, 124, 52, 5, 56, 121, 57, 54, 44, 103, 45, 48, 118, 53, 47, 49, 46, 94, 112, 111, 107, 127, 93, 95, 123, 97, 98, 101, 102, 83, 82, 126, 63, 119, 88, 87, 86, 85, 109, 96, 69, 75, 81, 84, 117, 78, 76, 77, 18, 79, 80, 27, 31, 12, 20, 17, 21, 22, 19, 72]
  Najlepszy dystans: 123888.1067751117

Iteracja 5:
  Najlepsza trasa: [79, 76, 78, 117, 84, 81, 126, 83, 82, 75, 69, 70, 71, 68, 67, 73, 74, 77, 18, 72, 8, 19, 22, 21, 17, 20, 108, 4, 23, 24, 9, 11, 6, 106, 15, 114, 105, 1, 16, 37, 36, 35, 2, 51, 50, 115, 13, 7, 120, 10, 100, 3, 90, 116, 60, 59, 62, 61, 91, 58, 64, 113, 65, 99, 92, 89, 125, 104, 110, 85, 86, 87, 88, 109, 96, 119, 63, 102, 101, 98, 97, 123, 95, 93, 127, 107, 111, 112, 94, 46, 118, 48, 53, 49, 47, 55, 66, 124, 52, 5, 56, 121, 57, 54, 45, 103, 44, 40, 43, 34, 42, 39, 38, 28, 122, 32, 29, 33, 25, 26, 30, 41, 14, 12, 31, 27, 80, 79]
  Najlepszy dystans: 121319.24829580847

Iteracja 6:
  Najlepsza trasa: [83, 101, 102, 63, 119, 96, 109, 88, 87, 86, 85, 110, 104, 125, 89, 92, 99, 65, 113, 64, 58, 91, 61, 90, 116, 60, 62, 59, 67, 73, 74, 68, 71, 70, 69, 75, 76, 77, 18, 72, 8, 19, 22, 21, 17, 20, 15, 105, 7, 114, 106, 6, 108, 4, 23, 24, 9, 11, 3, 100, 10, 120, 13, 115, 50, 51, 2, 1, 16, 12, 14, 41, 36, 37, 35, 40, 44, 103, 45, 54, 57, 121, 56, 5, 52, 124, 66, 55, 47, 49, 53, 48, 118, 46, 94, 112, 111, 107, 127, 93, 95, 123, 98, 97, 28, 122, 32, 29, 33, 25, 26, 38, 39, 42, 34, 43, 30, 27, 31, 79, 80, 78, 117, 84, 81, 126, 82, 83]
  Najlepszy dystans: 120976.86473355502

Iteracja 7:
  Najlepsza trasa: [117, 75, 69, 63, 119, 96, 109, 88, 87, 86, 85, 110, 71, 70, 68, 67, 73, 74, 76, 78, 80, 79, 77, 18, 72, 8, 19, 23, 24, 4, 22, 21, 17, 20, 108, 15, 106, 6, 9, 11, 114, 105, 7, 1, 16, 14, 12, 31, 27, 30, 41, 43, 34, 39, 38, 26, 25, 33, 29, 32, 122, 28, 42, 40, 36, 37, 35, 44, 103, 45, 54, 57, 121, 56, 124, 52, 5, 51, 2, 50, 115, 13, 120, 10, 3, 90, 116, 60, 59, 62, 61, 91, 100, 58, 64, 113, 125, 104, 89, 92, 99, 65, 66, 55, 47, 49, 53, 48, 118, 46, 94, 112, 111, 107, 127, 93, 95, 123, 97, 98, 101, 102, 83, 82, 126, 81, 84, 117]
  Najlepszy dystans: 122705.31327005535

Iteracja 8:
  Najlepsza trasa: [124, 52, 5, 50, 51, 2, 1, 16, 37, 36, 41, 14, 12, 30, 27, 31, 80, 79, 77, 18, 21, 17, 22, 20, 108, 15, 106, 6, 114, 105, 7, 120, 13, 115, 10, 100, 64, 58, 91, 61, 62, 59, 60, 116, 90, 3, 11, 9, 24, 23, 4, 19, 72, 8, 67, 73, 74, 68, 71, 70, 69, 75, 76, 78, 117, 84, 81, 126, 82, 83, 101, 102, 63, 119, 96, 109, 88, 87, 86, 85, 110, 104, 125, 89, 92, 99, 65, 113, 66, 55, 47, 49, 53, 48, 118, 46, 94, 112, 111, 107, 127, 93, 95, 123, 97, 98, 32, 29, 28, 122, 33, 25, 26, 38, 39, 42, 34, 43, 40, 35, 44, 103, 45, 54, 57, 121, 56, 124]
  Najlepszy dystans: 118691.65970018267

Iteracja 9:
  Najlepsza trasa: [106, 15, 105, 114, 11, 9, 24, 23, 4, 22, 19, 72, 8, 67, 73, 74, 68, 71, 70, 69, 75, 76, 78, 117, 84, 81, 126, 82, 83, 101, 102, 63, 119, 96, 109, 88, 87, 86, 85, 110, 104, 125, 89, 92, 99, 65, 113, 64, 58, 100, 91, 61, 62, 59, 60, 116, 90, 3, 10, 115, 50, 51, 2, 13, 120, 7, 1, 16, 12, 14, 41, 36, 37, 35, 40, 44, 103, 45, 54, 57, 121, 56, 5, 52, 124, 66, 55, 47, 49, 53, 48, 118, 46, 94, 112, 111, 107, 127, 93, 95, 123, 98, 97, 28, 122, 32, 29, 33, 25, 26, 38, 39, 42, 34, 43, 30, 27, 31, 80, 79, 77, 18, 21, 17, 20, 108, 6, 106]
  Najlepszy dystans: 119123.7778862499

Iteracja 10:
  Najlepsza trasa: [117, 84, 81, 126, 82, 83, 101, 102, 63, 119, 96, 109, 88, 87, 86, 85, 110, 104, 125, 89, 92, 99, 65, 113, 66, 55, 47, 49, 53, 48, 118, 46, 94, 112, 111, 107, 127, 98, 97, 123, 95, 93, 103, 45, 44, 54, 57, 121, 56, 124, 52, 5, 50, 115, 13, 1, 16, 2, 51, 35, 37, 36, 40, 43, 41, 14, 12, 30, 34, 42, 39, 38, 28, 122, 33, 32, 29, 25, 26, 27, 31, 80, 79, 77, 18, 72, 8, 19, 4, 22, 21, 17, 20, 108, 15, 106, 6, 24, 23, 9, 11, 3, 114, 105, 7, 120, 10, 100, 58, 64, 91, 61, 62, 59, 60, 90, 116, 67, 73, 74, 68, 71, 70, 69, 75, 76, 78, 117]
  Najlepszy dystans: 121383.16147128835

Najlepsze rozwi¹zanie z 10 iteracji:
  Najlepsza trasa: [124, 52, 5, 50, 51, 2, 1, 16, 37, 36, 41, 14, 12, 30, 27, 31, 80, 79, 77, 18, 21, 17, 22, 20, 108, 15, 106, 6, 114, 105, 7, 120, 13, 115, 10, 100, 64, 58, 91, 61, 62, 59, 60, 116, 90, 3, 11, 9, 24, 23, 4, 19, 72, 8, 67, 73, 74, 68, 71, 70, 69, 75, 76, 78, 117, 84, 81, 126, 82, 83, 101, 102, 63, 119, 96, 109, 88, 87, 86, 85, 110, 104, 125, 89, 92, 99, 65, 113, 66, 55, 47, 49, 53, 48, 118, 46, 94, 112, 111, 107, 127, 93, 95, 123, 97, 98, 32, 29, 28, 122, 33, 25, 26, 38, 39, 42, 34, 43, 40, 35, 44, 103, 45, 54, 57, 121, 56, 124]
  Najlepszy dystans: 118691.65970018267
Œrednia wartoœæ dystansu z 10 iteracji: 121392.12
Czas dzia³ania algorytmu: 764.28 sekund
