
Wyniki symulowanego wy¿arzania
Metoda ruchu: two_opt
Liczba epok: 800
Temperatura pocz¹tkowa: 10000
Sch³adzanie: 0.95
Liczba prób: 1000
Liczba iteracji: 10

Iteracja 1:
  Najlepsza trasa: [78, 76, 75, 69, 70, 71, 68, 73, 67, 59, 62, 91, 61, 60, 116, 90, 3, 11, 9, 8, 72, 74, 77, 18, 21, 17, 22, 4, 19, 23, 24, 108, 20, 15, 106, 6, 114, 105, 7, 120, 13, 115, 10, 100, 58, 64, 113, 65, 99, 92, 89, 125, 104, 110, 85, 86, 87, 88, 109, 96, 119, 63, 84, 81, 126, 82, 83, 102, 101, 98, 97, 123, 95, 93, 127, 107, 111, 112, 94, 46, 118, 48, 53, 49, 47, 55, 66, 124, 52, 5, 56, 121, 57, 54, 45, 103, 44, 51, 50, 2, 1, 16, 37, 36, 35, 40, 42, 38, 39, 34, 43, 30, 41, 14, 12, 31, 79, 80, 27, 26, 25, 33, 122, 28, 29, 32, 117, 78]
  Najlepszy dystans: 124018.00896404727

Iteracja 2:
  Najlepsza trasa: [111, 112, 94, 46, 118, 48, 53, 49, 47, 55, 66, 65, 99, 92, 89, 125, 104, 59, 62, 60, 116, 90, 61, 91, 58, 64, 113, 100, 10, 120, 7, 13, 115, 50, 5, 52, 124, 56, 121, 57, 54, 45, 103, 44, 51, 2, 1, 16, 41, 36, 37, 35, 40, 43, 34, 42, 39, 38, 28, 122, 32, 29, 33, 25, 26, 27, 31, 30, 14, 12, 15, 106, 6, 105, 114, 3, 11, 9, 8, 67, 72, 19, 22, 4, 23, 24, 108, 20, 17, 21, 80, 79, 77, 18, 74, 73, 68, 76, 78, 117, 84, 81, 126, 83, 82, 75, 69, 70, 71, 110, 85, 86, 87, 88, 109, 96, 119, 63, 102, 101, 98, 97, 123, 95, 93, 127, 107, 111]
  Najlepszy dystans: 124827.80067623495

Iteracja 3:
  Najlepsza trasa: [101, 102, 83, 82, 126, 81, 84, 117, 78, 76, 75, 63, 119, 96, 109, 88, 87, 86, 85, 110, 71, 70, 69, 68, 67, 73, 74, 77, 18, 72, 8, 19, 23, 24, 6, 106, 15, 108, 4, 22, 21, 17, 20, 12, 79, 80, 31, 27, 26, 38, 39, 42, 34, 40, 43, 30, 14, 41, 36, 37, 35, 44, 103, 45, 54, 57, 121, 56, 5, 51, 2, 50, 13, 115, 10, 120, 7, 1, 16, 105, 114, 11, 9, 3, 91, 61, 90, 116, 60, 62, 59, 104, 125, 89, 92, 99, 65, 113, 64, 58, 100, 66, 55, 52, 124, 47, 49, 53, 48, 118, 46, 94, 112, 111, 107, 127, 93, 95, 123, 28, 122, 33, 25, 29, 32, 97, 98, 101]
  Najlepszy dystans: 125495.94223202392

Iteracja 4:
  Najlepsza trasa: [5, 121, 56, 47, 49, 53, 48, 118, 46, 94, 112, 111, 107, 127, 93, 95, 123, 103, 45, 44, 54, 57, 51, 2, 50, 13, 115, 10, 100, 113, 64, 58, 91, 61, 62, 59, 60, 116, 90, 3, 120, 7, 1, 16, 37, 35, 36, 41, 14, 12, 31, 27, 30, 43, 40, 34, 42, 39, 38, 26, 25, 29, 32, 33, 122, 28, 97, 98, 101, 102, 83, 82, 126, 81, 84, 117, 76, 78, 80, 79, 21, 17, 20, 108, 6, 106, 15, 105, 114, 11, 9, 24, 23, 4, 22, 19, 8, 72, 18, 77, 74, 73, 67, 68, 71, 70, 69, 75, 63, 119, 96, 109, 88, 87, 86, 85, 110, 104, 125, 89, 92, 99, 65, 66, 55, 124, 52, 5]
  Najlepszy dystans: 124483.97465556425

Iteracja 5:
  Najlepsza trasa: [9, 24, 23, 4, 22, 17, 21, 19, 8, 72, 18, 77, 79, 80, 78, 76, 75, 69, 70, 68, 74, 73, 67, 71, 110, 85, 86, 87, 88, 109, 96, 119, 63, 102, 101, 83, 82, 126, 81, 84, 117, 32, 29, 28, 122, 33, 25, 26, 27, 31, 30, 41, 37, 36, 43, 34, 39, 38, 42, 40, 35, 2, 13, 115, 50, 51, 121, 5, 56, 57, 54, 44, 45, 103, 93, 95, 123, 97, 98, 127, 107, 111, 112, 94, 46, 118, 48, 53, 49, 47, 124, 52, 55, 66, 113, 65, 99, 92, 89, 125, 104, 59, 60, 116, 90, 62, 61, 91, 58, 64, 100, 3, 10, 120, 7, 105, 1, 16, 14, 12, 20, 108, 15, 106, 6, 114, 11, 9]
  Najlepszy dystans: 124132.52532175728

Iteracja 6:
  Najlepsza trasa: [28, 38, 39, 42, 34, 43, 40, 35, 37, 36, 41, 14, 12, 16, 1, 7, 2, 51, 50, 115, 13, 120, 10, 3, 100, 64, 58, 91, 61, 62, 59, 60, 116, 90, 9, 11, 114, 105, 6, 106, 15, 20, 17, 21, 22, 4, 108, 24, 23, 19, 72, 8, 67, 73, 74, 68, 71, 70, 69, 63, 119, 96, 109, 88, 87, 86, 85, 110, 104, 125, 89, 92, 99, 65, 113, 66, 55, 47, 56, 124, 52, 5, 121, 57, 54, 53, 49, 118, 48, 46, 94, 112, 111, 107, 127, 93, 103, 45, 44, 95, 123, 97, 98, 101, 102, 83, 82, 126, 81, 84, 117, 78, 75, 76, 77, 18, 79, 80, 31, 27, 30, 26, 25, 33, 29, 32, 122, 28]
  Najlepszy dystans: 124750.45019780655

Iteracja 7:
  Najlepsza trasa: [73, 67, 8, 72, 19, 23, 24, 9, 11, 114, 105, 7, 1, 16, 41, 36, 37, 35, 40, 43, 34, 42, 39, 38, 26, 27, 31, 30, 14, 12, 20, 15, 106, 6, 108, 4, 22, 17, 21, 18, 77, 79, 80, 78, 76, 75, 69, 119, 63, 102, 101, 83, 82, 126, 81, 84, 117, 32, 29, 25, 33, 122, 28, 97, 98, 123, 95, 93, 127, 107, 111, 112, 94, 46, 118, 49, 53, 48, 45, 103, 44, 54, 57, 121, 5, 52, 124, 56, 47, 55, 66, 65, 99, 92, 89, 125, 113, 64, 58, 100, 10, 115, 50, 51, 2, 13, 120, 3, 90, 116, 60, 61, 91, 62, 59, 104, 85, 86, 87, 88, 96, 109, 110, 71, 70, 68, 74, 73]
  Najlepszy dystans: 127204.88591942772

Iteracja 8:
  Najlepsza trasa: [15, 20, 108, 6, 24, 23, 8, 72, 19, 4, 22, 17, 21, 18, 77, 76, 75, 69, 70, 68, 74, 73, 67, 71, 110, 85, 86, 87, 88, 109, 96, 119, 63, 102, 101, 83, 82, 126, 81, 84, 117, 78, 80, 79, 12, 31, 27, 26, 30, 14, 41, 36, 37, 16, 1, 7, 120, 10, 115, 13, 50, 121, 5, 52, 124, 56, 54, 45, 103, 44, 57, 51, 2, 35, 40, 43, 34, 42, 39, 38, 25, 33, 29, 32, 122, 28, 97, 98, 123, 95, 93, 127, 107, 111, 112, 94, 46, 118, 48, 53, 49, 47, 55, 66, 113, 65, 99, 92, 89, 125, 104, 59, 60, 116, 90, 62, 61, 91, 58, 64, 100, 3, 9, 11, 114, 105, 106, 15]
  Najlepszy dystans: 122547.5623183481

Iteracja 9:
  Najlepsza trasa: [75, 69, 70, 71, 110, 104, 85, 86, 87, 88, 109, 96, 119, 63, 102, 101, 83, 82, 126, 81, 84, 117, 78, 80, 79, 77, 18, 21, 17, 22, 20, 12, 14, 41, 30, 31, 27, 26, 38, 39, 42, 34, 43, 40, 35, 36, 37, 16, 1, 105, 7, 120, 13, 2, 51, 57, 54, 44, 45, 103, 95, 123, 28, 122, 33, 25, 29, 32, 97, 98, 127, 93, 107, 111, 112, 94, 46, 118, 48, 53, 49, 47, 55, 66, 124, 52, 5, 56, 121, 50, 115, 10, 100, 58, 64, 113, 65, 99, 92, 89, 125, 91, 61, 62, 59, 60, 116, 90, 3, 11, 9, 24, 6, 114, 106, 15, 108, 4, 23, 19, 72, 8, 67, 73, 74, 68, 76, 75]
  Najlepszy dystans: 127309.32337341041

Iteracja 10:
  Najlepsza trasa: [18, 77, 74, 73, 68, 71, 70, 69, 75, 76, 84, 81, 117, 78, 80, 79, 31, 27, 30, 26, 25, 33, 29, 32, 122, 28, 38, 39, 42, 34, 43, 40, 35, 37, 36, 41, 14, 12, 16, 1, 7, 105, 114, 120, 10, 115, 13, 50, 2, 51, 44, 103, 45, 54, 57, 121, 56, 5, 52, 124, 55, 47, 49, 53, 48, 118, 46, 94, 112, 111, 107, 127, 93, 95, 123, 97, 98, 101, 102, 83, 82, 126, 63, 119, 96, 109, 88, 87, 86, 85, 110, 104, 125, 89, 92, 99, 65, 66, 113, 64, 58, 100, 91, 61, 62, 59, 60, 116, 90, 3, 11, 9, 6, 106, 15, 20, 108, 24, 23, 4, 22, 17, 21, 19, 8, 67, 72, 18]
  Najlepszy dystans: 121959.16149590288

Najlepsze rozwi¹zanie z 10 iteracji:
  Najlepsza trasa: [18, 77, 74, 73, 68, 71, 70, 69, 75, 76, 84, 81, 117, 78, 80, 79, 31, 27, 30, 26, 25, 33, 29, 32, 122, 28, 38, 39, 42, 34, 43, 40, 35, 37, 36, 41, 14, 12, 16, 1, 7, 105, 114, 120, 10, 115, 13, 50, 2, 51, 44, 103, 45, 54, 57, 121, 56, 5, 52, 124, 55, 47, 49, 53, 48, 118, 46, 94, 112, 111, 107, 127, 93, 95, 123, 97, 98, 101, 102, 83, 82, 126, 63, 119, 96, 109, 88, 87, 86, 85, 110, 104, 125, 89, 92, 99, 65, 66, 113, 64, 58, 100, 91, 61, 62, 59, 60, 116, 90, 3, 11, 9, 6, 106, 15, 20, 108, 24, 23, 4, 22, 17, 21, 19, 8, 67, 72, 18]
  Najlepszy dystans: 121959.16149590288
Œrednia wartoœæ dystansu z 10 iteracji: 124672.96
Czas dzia³ania algorytmu: 668.46 sekund
