
Wyniki symulowanego wy¿arzania
Metoda ruchu: two_opt
Liczba epok: 100
Temperatura pocz¹tkowa: 10000
Sch³adzanie: 0.99
Liczba prób: 1000
Liczba iteracji: 10

Iteracja 1:
  Najlepsza trasa: [90, 85, 32, 28, 101, 39, 31, 8, 30, 34, 57, 115, 5, 73, 54, 45, 25, 98, 97, 62, 116, 59, 65, 99, 125, 87, 60, 117, 41, 121, 58, 66, 47, 46, 107, 38, 80, 84, 33, 120, 44, 81, 29, 126, 119, 77, 93, 122, 26, 110, 3, 36, 72, 61, 124, 22, 12, 49, 118, 50, 15, 127, 48, 20, 74, 78, 27, 69, 109, 86, 71, 105, 94, 64, 2, 108, 56, 63, 114, 106, 19, 6, 43, 17, 82, 83, 75, 53, 111, 52, 55, 7, 40, 70, 67, 103, 18, 11, 92, 89, 104, 91, 76, 79, 68, 14, 4, 51, 42, 9, 1, 23, 88, 96, 102, 24, 35, 37, 21, 100, 10, 16, 13, 95, 123, 112, 113, 90]
  Najlepszy dystans: 459458.52264274185

Iteracja 2:
  Najlepsza trasa: [112, 44, 62, 99, 60, 26, 61, 56, 47, 66, 65, 7, 110, 70, 122, 19, 20, 11, 1, 127, 16, 2, 46, 45, 94, 43, 120, 105, 36, 78, 125, 104, 13, 15, 18, 23, 90, 58, 115, 79, 29, 30, 51, 57, 92, 64, 114, 91, 100, 3, 31, 98, 34, 97, 28, 38, 95, 103, 22, 119, 73, 12, 108, 42, 118, 121, 50, 52, 9, 41, 39, 124, 107, 48, 40, 27, 87, 88, 86, 8, 35, 111, 89, 113, 67, 71, 76, 126, 83, 75, 80, 116, 37, 49, 96, 109, 4, 14, 5, 77, 69, 123, 54, 93, 53, 74, 6, 21, 33, 24, 17, 68, 72, 10, 106, 63, 102, 85, 84, 101, 32, 82, 81, 117, 25, 59, 55, 112]
  Najlepszy dystans: 449463.9391232546

Iteracja 3:
  Najlepsza trasa: [103, 94, 109, 86, 87, 14, 25, 41, 42, 34, 8, 78, 67, 11, 27, 68, 88, 119, 85, 110, 71, 72, 50, 116, 121, 45, 17, 117, 123, 5, 76, 26, 28, 77, 101, 102, 75, 18, 37, 108, 98, 97, 23, 54, 15, 64, 13, 60, 126, 82, 79, 96, 69, 29, 30, 35, 2, 20, 105, 6, 38, 127, 100, 56, 83, 62, 66, 48, 57, 9, 7, 32, 122, 31, 10, 43, 80, 40, 39, 46, 113, 3, 21, 70, 74, 89, 1, 24, 111, 49, 124, 55, 112, 95, 44, 53, 65, 92, 120, 47, 104, 59, 90, 4, 125, 16, 99, 118, 36, 51, 52, 61, 19, 73, 106, 12, 58, 22, 91, 63, 81, 84, 33, 93, 115, 114, 107, 103]
  Najlepszy dystans: 451846.6816300602

Iteracja 4:
  Najlepsza trasa: [15, 43, 110, 86, 122, 55, 60, 70, 73, 12, 32, 81, 36, 26, 41, 105, 14, 47, 53, 112, 64, 103, 28, 90, 50, 121, 3, 106, 5, 42, 34, 57, 67, 119, 126, 69, 62, 113, 115, 59, 29, 11, 58, 54, 127, 49, 30, 111, 107, 48, 91, 104, 92, 89, 125, 116, 7, 31, 56, 46, 94, 9, 82, 74, 84, 117, 19, 78, 71, 61, 4, 22, 2, 27, 76, 108, 114, 6, 16, 25, 39, 65, 23, 109, 101, 98, 95, 120, 21, 17, 93, 118, 20, 24, 124, 33, 37, 1, 8, 45, 52, 10, 68, 38, 80, 77, 100, 51, 13, 66, 99, 18, 79, 72, 44, 96, 88, 87, 85, 75, 102, 63, 83, 97, 123, 40, 35, 15]
  Najlepszy dystans: 434312.5172392225

Iteracja 5:
  Najlepsza trasa: [63, 26, 97, 102, 101, 98, 93, 111, 44, 42, 37, 30, 2, 25, 67, 68, 119, 21, 33, 36, 79, 61, 70, 22, 116, 73, 122, 84, 109, 82, 126, 127, 112, 43, 47, 66, 6, 41, 1, 72, 75, 113, 49, 24, 106, 19, 17, 110, 78, 76, 34, 54, 123, 39, 31, 15, 104, 125, 99, 20, 11, 16, 121, 38, 69, 86, 87, 85, 96, 108, 74, 71, 27, 14, 53, 95, 107, 45, 10, 100, 4, 18, 48, 62, 29, 32, 81, 28, 8, 117, 57, 60, 9, 83, 92, 65, 118, 52, 88, 80, 115, 58, 51, 94, 5, 3, 90, 91, 105, 35, 40, 103, 13, 120, 124, 59, 89, 56, 55, 46, 64, 23, 12, 7, 114, 50, 77, 63]
  Najlepszy dystans: 441626.1945198769

Iteracja 6:
  Najlepsza trasa: [71, 109, 119, 63, 101, 2, 66, 50, 115, 3, 75, 88, 86, 76, 73, 25, 19, 65, 51, 55, 47, 85, 92, 113, 13, 34, 108, 20, 30, 120, 112, 94, 62, 104, 124, 111, 97, 98, 84, 118, 127, 93, 40, 100, 52, 53, 90, 80, 24, 5, 10, 68, 102, 81, 38, 33, 16, 42, 14, 21, 39, 32, 6, 27, 23, 59, 45, 107, 4, 72, 29, 37, 106, 78, 36, 103, 64, 58, 110, 87, 105, 43, 54, 56, 99, 116, 9, 60, 91, 1, 57, 35, 15, 69, 96, 77, 8, 22, 18, 17, 67, 11, 7, 114, 125, 89, 83, 26, 48, 49, 121, 41, 122, 28, 31, 70, 82, 117, 126, 95, 12, 74, 123, 44, 46, 61, 79, 71]
  Najlepszy dystans: 445452.67338395753

Iteracja 7:
  Najlepsza trasa: [125, 115, 12, 76, 111, 44, 57, 116, 91, 110, 74, 22, 4, 5, 42, 28, 34, 30, 2, 36, 56, 49, 47, 66, 61, 118, 68, 84, 98, 123, 35, 51, 106, 73, 78, 114, 100, 50, 64, 18, 109, 70, 69, 67, 108, 14, 96, 80, 119, 102, 26, 97, 94, 48, 124, 43, 10, 6, 41, 52, 60, 24, 23, 11, 19, 37, 112, 65, 9, 126, 17, 81, 82, 83, 101, 63, 32, 121, 62, 3, 13, 95, 54, 27, 117, 25, 122, 39, 1, 7, 8, 53, 103, 45, 59, 77, 79, 38, 16, 75, 85, 86, 88, 72, 15, 33, 40, 29, 120, 99, 92, 89, 104, 58, 21, 31, 105, 93, 127, 107, 46, 55, 20, 71, 87, 90, 113, 125]
  Najlepszy dystans: 403005.81219748274

Iteracja 8:
  Najlepsza trasa: [26, 93, 28, 6, 59, 116, 62, 86, 71, 21, 87, 70, 108, 77, 95, 78, 14, 18, 32, 105, 80, 120, 60, 3, 24, 55, 45, 124, 68, 19, 126, 97, 5, 118, 50, 12, 7, 69, 56, 36, 41, 73, 83, 122, 43, 16, 54, 66, 61, 13, 47, 111, 94, 53, 121, 52, 75, 63, 82, 102, 15, 112, 103, 1, 34, 115, 11, 23, 106, 4, 100, 64, 113, 72, 33, 51, 17, 81, 76, 117, 98, 44, 127, 67, 110, 96, 88, 109, 42, 49, 25, 30, 27, 39, 40, 99, 104, 48, 57, 65, 90, 92, 89, 125, 107, 123, 38, 46, 29, 35, 119, 85, 79, 8, 74, 20, 22, 114, 9, 10, 91, 2, 37, 31, 58, 101, 84, 26]
  Najlepszy dystans: 458978.0053814648

Iteracja 9:
  Najlepsza trasa: [17, 9, 113, 65, 118, 94, 107, 111, 95, 11, 7, 42, 40, 121, 55, 90, 116, 62, 100, 84, 24, 22, 106, 120, 76, 13, 3, 72, 122, 35, 96, 110, 68, 70, 31, 44, 47, 46, 5, 93, 45, 56, 126, 39, 81, 19, 6, 77, 86, 109, 105, 87, 63, 119, 102, 71, 67, 69, 26, 103, 52, 49, 112, 37, 2, 101, 23, 30, 98, 29, 18, 16, 14, 74, 92, 124, 66, 27, 78, 117, 80, 123, 127, 57, 25, 79, 28, 32, 108, 15, 85, 88, 59, 104, 125, 89, 60, 99, 50, 48, 21, 75, 12, 97, 83, 82, 36, 54, 38, 61, 73, 8, 1, 34, 51, 115, 58, 4, 91, 20, 53, 33, 114, 64, 10, 41, 43, 17]
  Najlepszy dystans: 434894.05489884707

Iteracja 10:
  Najlepsza trasa: [16, 95, 127, 39, 40, 6, 15, 10, 124, 49, 8, 80, 26, 30, 47, 4, 105, 36, 41, 13, 113, 60, 59, 43, 94, 45, 81, 76, 18, 52, 54, 19, 74, 22, 2, 62, 58, 24, 123, 28, 11, 17, 27, 46, 67, 31, 48, 35, 83, 78, 34, 115, 114, 72, 102, 98, 101, 97, 33, 122, 14, 79, 82, 23, 121, 50, 56, 118, 65, 66, 55, 93, 120, 1, 91, 9, 53, 70, 87, 109, 73, 68, 75, 119, 63, 126, 86, 104, 90, 125, 106, 25, 20, 117, 84, 108, 69, 71, 64, 111, 3, 89, 99, 92, 5, 100, 110, 96, 12, 116, 29, 32, 77, 7, 51, 103, 112, 57, 107, 38, 42, 44, 85, 88, 61, 21, 37, 16]
  Najlepszy dystans: 428102.3919984579

Najlepsze rozwi¹zanie z 10 iteracji:
  Najlepsza trasa: [125, 115, 12, 76, 111, 44, 57, 116, 91, 110, 74, 22, 4, 5, 42, 28, 34, 30, 2, 36, 56, 49, 47, 66, 61, 118, 68, 84, 98, 123, 35, 51, 106, 73, 78, 114, 100, 50, 64, 18, 109, 70, 69, 67, 108, 14, 96, 80, 119, 102, 26, 97, 94, 48, 124, 43, 10, 6, 41, 52, 60, 24, 23, 11, 19, 37, 112, 65, 9, 126, 17, 81, 82, 83, 101, 63, 32, 121, 62, 3, 13, 95, 54, 27, 117, 25, 122, 39, 1, 7, 8, 53, 103, 45, 59, 77, 79, 38, 16, 75, 85, 86, 88, 72, 15, 33, 40, 29, 120, 99, 92, 89, 104, 58, 21, 31, 105, 93, 127, 107, 46, 55, 20, 71, 87, 90, 113, 125]
  Najlepszy dystans: 403005.81219748274
Œrednia wartoœæ dystansu z 10 iteracji: 440714.08
Czas dzia³ania algorytmu: 133.61 sekund
