
Wyniki symulowanego wy¿arzania
Metoda ruchu: two_opt
Liczba epok: 800
Temperatura pocz¹tkowa: 10000
Sch³adzanie: 0.95
Liczba prób: 1000
Liczba iteracji: 10

Iteracja 1:
  Najlepsza trasa: [8, 7, 6, 5, 20, 19, 31, 4, 3, 2, 75, 76, 1, 23, 22, 21, 25, 24, 46, 45, 44, 48, 47, 69, 68, 70, 67, 50, 49, 52, 53, 43, 42, 54, 55, 56, 51, 66, 65, 71, 72, 73, 64, 63, 57, 58, 62, 61, 59, 60, 41, 40, 39, 38, 34, 33, 28, 27, 26, 30, 29, 32, 35, 36, 37, 18, 17, 16, 15, 74, 14, 13, 12, 11, 10, 9, 8]
  Najlepszy dystans: 110405.50350063507

Iteracja 2:
  Najlepsza trasa: [58, 59, 60, 40, 41, 61, 62, 64, 73, 72, 71, 63, 57, 56, 65, 66, 51, 49, 50, 67, 70, 68, 69, 47, 48, 44, 45, 46, 24, 25, 21, 22, 23, 1, 76, 75, 2, 3, 4, 5, 6, 7, 8, 9, 10, 11, 12, 13, 14, 74, 15, 16, 17, 18, 37, 36, 38, 39, 34, 35, 33, 32, 29, 30, 31, 19, 20, 26, 27, 28, 43, 42, 54, 53, 52, 55, 58]
  Najlepszy dystans: 111142.7317557833

Iteracja 3:
  Najlepsza trasa: [4, 6, 7, 8, 74, 14, 13, 12, 15, 16, 11, 9, 10, 5, 20, 19, 31, 30, 29, 28, 33, 32, 34, 35, 36, 37, 17, 18, 38, 39, 40, 41, 60, 59, 61, 62, 57, 58, 55, 56, 51, 52, 53, 54, 42, 43, 49, 50, 66, 65, 63, 64, 73, 72, 71, 70, 67, 68, 69, 47, 48, 44, 45, 46, 24, 27, 26, 25, 21, 22, 23, 1, 76, 75, 2, 3, 4]
  Najlepszy dystans: 117329.35858206598

Iteracja 4:
  Najlepsza trasa: [59, 61, 62, 58, 57, 63, 64, 73, 72, 71, 65, 66, 51, 56, 55, 42, 54, 53, 52, 49, 50, 67, 70, 68, 69, 47, 48, 44, 45, 46, 24, 25, 21, 22, 23, 1, 76, 75, 2, 3, 4, 6, 7, 8, 9, 10, 5, 20, 19, 31, 30, 29, 26, 27, 43, 28, 33, 32, 35, 36, 37, 18, 17, 11, 12, 13, 14, 74, 15, 16, 38, 39, 34, 40, 41, 60, 59]
  Najlepszy dystans: 109241.42218053185

Iteracja 5:
  Najlepsza trasa: [34, 32, 33, 28, 43, 42, 54, 53, 27, 26, 29, 30, 31, 19, 20, 5, 10, 9, 8, 7, 6, 4, 3, 2, 75, 76, 1, 23, 22, 21, 25, 24, 46, 45, 44, 48, 47, 69, 68, 70, 67, 50, 49, 52, 55, 56, 51, 66, 65, 71, 72, 73, 64, 63, 57, 62, 61, 58, 59, 60, 41, 40, 39, 38, 16, 15, 74, 14, 13, 12, 11, 17, 18, 37, 36, 35, 34]
  Najlepszy dystans: 109411.50398995745

Iteracja 6:
  Najlepsza trasa: [60, 41, 40, 34, 33, 32, 19, 31, 30, 29, 26, 27, 28, 43, 42, 54, 53, 52, 55, 56, 57, 58, 59, 61, 62, 63, 64, 73, 72, 71, 65, 66, 51, 49, 50, 67, 70, 68, 69, 47, 48, 44, 45, 46, 24, 25, 21, 22, 23, 1, 76, 75, 2, 8, 7, 3, 4, 20, 5, 6, 9, 10, 11, 12, 13, 14, 74, 15, 16, 17, 18, 37, 36, 35, 38, 39, 60]
  Najlepszy dystans: 109743.38410443561

Iteracja 7:
  Najlepsza trasa: [28, 27, 26, 4, 3, 2, 75, 76, 1, 23, 22, 21, 25, 24, 46, 45, 44, 48, 47, 69, 68, 70, 67, 50, 49, 52, 51, 66, 65, 56, 55, 57, 71, 72, 73, 64, 63, 62, 61, 58, 59, 60, 41, 40, 34, 39, 38, 35, 36, 37, 18, 17, 16, 15, 74, 14, 13, 12, 11, 10, 9, 8, 7, 6, 5, 20, 19, 31, 30, 29, 32, 33, 42, 54, 53, 43, 28]
  Najlepszy dystans: 111181.43981889803

Iteracja 8:
  Najlepsza trasa: [43, 42, 54, 53, 52, 49, 50, 51, 66, 65, 56, 55, 58, 59, 60, 40, 41, 61, 62, 57, 63, 64, 73, 72, 71, 70, 67, 68, 69, 47, 48, 44, 45, 46, 24, 25, 21, 22, 23, 1, 76, 75, 2, 8, 7, 6, 3, 4, 20, 5, 10, 9, 11, 12, 13, 14, 74, 15, 16, 17, 18, 37, 36, 38, 39, 34, 35, 33, 32, 19, 31, 30, 29, 26, 27, 28, 43]
  Najlepszy dystans: 110819.02169968306

Iteracja 9:
  Najlepsza trasa: [61, 62, 63, 64, 73, 72, 71, 65, 66, 51, 56, 55, 54, 42, 43, 53, 52, 49, 50, 67, 70, 68, 69, 47, 48, 44, 45, 46, 24, 25, 21, 22, 23, 1, 76, 75, 2, 3, 4, 5, 6, 7, 8, 9, 10, 20, 19, 31, 30, 29, 26, 27, 28, 33, 32, 34, 35, 36, 37, 18, 17, 11, 12, 13, 14, 74, 15, 16, 38, 39, 40, 41, 60, 59, 58, 57, 61]
  Najlepszy dystans: 109558.70660361566

Iteracja 10:
  Najlepsza trasa: [71, 65, 66, 51, 49, 50, 67, 70, 68, 69, 47, 48, 44, 45, 46, 24, 22, 23, 76, 75, 2, 1, 21, 25, 26, 27, 29, 30, 31, 19, 20, 5, 4, 3, 6, 7, 8, 9, 10, 12, 13, 14, 74, 15, 16, 11, 17, 18, 37, 36, 38, 39, 41, 60, 59, 40, 34, 35, 32, 33, 28, 43, 42, 54, 53, 52, 55, 56, 57, 58, 61, 62, 63, 64, 73, 72, 71]
  Najlepszy dystans: 111290.97280334706

Najlepsze rozwi¹zanie z 10 iteracji:
  Najlepsza trasa: [59, 61, 62, 58, 57, 63, 64, 73, 72, 71, 65, 66, 51, 56, 55, 42, 54, 53, 52, 49, 50, 67, 70, 68, 69, 47, 48, 44, 45, 46, 24, 25, 21, 22, 23, 1, 76, 75, 2, 3, 4, 6, 7, 8, 9, 10, 5, 20, 19, 31, 30, 29, 26, 27, 43, 28, 33, 32, 35, 36, 37, 18, 17, 11, 12, 13, 14, 74, 15, 16, 38, 39, 34, 40, 41, 60, 59]
  Najlepszy dystans: 109241.42218053185
Œrednia wartoœæ dystansu z 10 iteracji: 111012.40
Czas dzia³ania algorytmu: 416.60 sekund
